TransactionId	ASId	Ingress	Egress	PathletId	Bandwidth	Delay	Reliability	Status	Full Path
614	0	000001	000006	0	5.0	2.0	0,008	true	[000001, 000000, 000002, 000006]
615	0	000001	000006	1	7.0	3.0	0,000	true	[000001, 000000, 000003, 000004, 000006]
616	0	000001	000006	2	5.0	2.0	0,000	true	[000001, 000002, 000000, 000003, 000004, 000006]
617	0	000001	000006	3	14.0	3.0	0,012	true	[000001, 000002, 000006]
618	0	000001	000006	4	5.0	2.0	0,000	true	[000001, 000005, 000002, 000000, 000003, 000004, 000006]
619	0	000001	000006	5	5.0	3.0	0,007	true	[000001, 000005, 000002, 000006]
620	0	000001	000006	6	10.0	2.0	0,090	true	[000001, 000006]
621	1	001002	001004	0	5.0	1.0	0,008	true	[001002, 001000, 001001, 001004]
622	1	001002	001004	1	5.0	1.0	0,000	true	[001002, 001000, 001001, 001005, 001003, 001004]
623	1	001002	001004	2	5.0	1.0	0,000	true	[001002, 001000, 001001, 001005, 001003, 001006, 001004]
624	1	001002	001004	3	5.0	1.0	0,004	true	[001002, 001000, 001001, 001005, 001004]
625	1	001002	001004	4	5.0	1.0	0,000	true	[001002, 001000, 001001, 001005, 001006, 001003, 001004]
626	1	001002	001004	5	5.0	1.0	0,003	true	[001002, 001000, 001001, 001005, 001006, 001004]
627	1	001002	001004	6	12.0	1.0	0,067	true	[001002, 001000, 001004]
628	1	001002	001004	7	6.0	1.0	0,003	true	[001002, 001000, 001005, 001001, 001004]
629	1	001002	001004	8	6.0	1.0	0,000	true	[001002, 001000, 001005, 001003, 001004]
630	1	001002	001004	9	6.0	1.0	0,000	true	[001002, 001000, 001005, 001003, 001006, 001004]
631	1	001002	001004	10	10.0	1.0	0,010	true	[001002, 001000, 001005, 001004]
632	1	001002	001004	11	10.0	1.0	0,000	true	[001002, 001000, 001005, 001006, 001003, 001004]
633	1	001002	001004	12	10.0	1.0	0,007	true	[001002, 001000, 001005, 001006, 001004]
634	1	001002	001004	13	7.0	1.0	0,001	true	[001002, 001000, 001006, 001003, 001004]
635	1	001002	001004	14	6.0	1.0	0,000	true	[001002, 001000, 001006, 001003, 001005, 001001, 001004]
636	1	001002	001004	15	6.0	1.0	0,000	true	[001002, 001000, 001006, 001003, 001005, 001004]
637	1	001002	001004	16	7.0	1.0	0,019	true	[001002, 001000, 001006, 001004]
638	1	001002	001004	17	6.0	1.0	0,001	true	[001002, 001000, 001006, 001005, 001001, 001004]
639	1	001002	001004	18	6.0	1.0	0,000	true	[001002, 001000, 001006, 001005, 001003, 001004]
640	1	001002	001004	19	7.0	1.0	0,005	true	[001002, 001000, 001006, 001005, 001004]
641	1	001002	001004	20	5.0	3.0	0,026	true	[001002, 001001, 001000, 001004]
642	1	001002	001004	21	5.0	3.0	0,000	true	[001002, 001001, 001000, 001005, 001003, 001004]
643	1	001002	001004	22	5.0	3.0	0,000	true	[001002, 001001, 001000, 001005, 001003, 001006, 001004]
644	1	001002	001004	23	5.0	2.0	0,004	true	[001002, 001001, 001000, 001005, 001004]
645	1	001002	001004	24	5.0	1.0	0,000	true	[001002, 001001, 001000, 001005, 001006, 001003, 001004]
646	1	001002	001004	25	5.0	1.0	0,003	true	[001002, 001001, 001000, 001005, 001006, 001004]
647	1	001002	001004	26	5.0	3.0	0,000	true	[001002, 001001, 001000, 001006, 001003, 001004]
648	1	001002	001004	27	5.0	2.0	0,000	true	[001002, 001001, 001000, 001006, 001003, 001005, 001004]
649	1	001002	001004	28	5.0	3.0	0,007	true	[001002, 001001, 001000, 001006, 001004]
650	1	001002	001004	29	5.0	1.0	0,000	true	[001002, 001001, 001000, 001006, 001005, 001003, 001004]
651	1	001002	001004	30	5.0	1.0	0,002	true	[001002, 001001, 001000, 001006, 001005, 001004]
652	1	001002	001004	31	6.0	1.0	0,051	true	[001002, 001001, 001004]
653	1	001002	001004	32	6.0	3.0	0,009	true	[001002, 001001, 001005, 001000, 001004]
654	1	001002	001004	33	6.0	3.0	0,000	true	[001002, 001001, 001005, 001000, 001006, 001003, 001004]
655	1	001002	001004	34	6.0	3.0	0,003	true	[001002, 001001, 001005, 001000, 001006, 001004]
656	1	001002	001004	35	6.0	3.0	0,000	true	[001002, 001001, 001005, 001003, 001004]
657	1	001002	001004	36	6.0	3.0	0,000	true	[001002, 001001, 001005, 001003, 001006, 001000, 001004]
658	1	001002	001004	37	6.0	3.0	0,000	true	[001002, 001001, 001005, 001003, 001006, 001004]
659	1	001002	001004	38	6.0	2.0	0,026	true	[001002, 001001, 001005, 001004]
660	1	001002	001004	39	6.0	1.0	0,005	true	[001002, 001001, 001005, 001006, 001000, 001004]
661	1	001002	001004	40	6.0	1.0	0,001	true	[001002, 001001, 001005, 001006, 001003, 001004]
662	1	001002	001004	41	6.0	1.0	0,019	true	[001002, 001001, 001005, 001006, 001004]
663	1	001002	001004	42	10.0	5.0	0,011	true	[001002, 001003, 001004]
664	1	001002	001004	43	5.0	1.0	0,000	true	[001002, 001003, 001005, 001000, 001001, 001004]
665	1	001002	001004	44	6.0	3.0	0,000	true	[001002, 001003, 001005, 001000, 001004]
666	1	001002	001004	45	6.0	3.0	0,000	true	[001002, 001003, 001005, 001000, 001006, 001004]
667	1	001002	001004	46	5.0	3.0	0,000	true	[001002, 001003, 001005, 001001, 001000, 001004]
668	1	001002	001004	47	5.0	3.0	0,000	true	[001002, 001003, 001005, 001001, 001000, 001006, 001004]
669	1	001002	001004	48	6.0	1.0	0,000	true	[001002, 001003, 001005, 001001, 001004]
670	1	001002	001004	49	6.0	2.0	0,000	true	[001002, 001003, 001005, 001004]
671	1	001002	001004	50	5.0	1.0	0,000	true	[001002, 001003, 001005, 001006, 001000, 001001, 001004]
672	1	001002	001004	51	6.0	1.0	0,000	true	[001002, 001003, 001005, 001006, 001000, 001004]
673	1	001002	001004	52	6.0	1.0	0,000	true	[001002, 001003, 001005, 001006, 001004]
674	1	001002	001004	53	5.0	1.0	0,000	true	[001002, 001003, 001006, 001000, 001001, 001004]
675	1	001002	001004	54	5.0	2.0	0,000	true	[001002, 001003, 001006, 001000, 001001, 001005, 001004]
676	1	001002	001004	55	7.0	3.0	0,001	true	[001002, 001003, 001006, 001000, 001004]
677	1	001002	001004	56	6.0	1.0	0,000	true	[001002, 001003, 001006, 001000, 001005, 001001, 001004]
678	1	001002	001004	57	7.0	2.0	0,000	true	[001002, 001003, 001006, 001000, 001005, 001004]
679	1	001002	001004	58	10.0	3.0	0,006	true	[001002, 001003, 001006, 001004]
680	1	001002	001004	59	5.0	1.0	0,000	true	[001002, 001003, 001006, 001005, 001000, 001001, 001004]
681	1	001002	001004	60	10.0	1.0	0,001	true	[001002, 001003, 001006, 001005, 001000, 001004]
682	1	001002	001004	61	5.0	1.0	0,000	true	[001002, 001003, 001006, 001005, 001001, 001000, 001004]
683	1	001002	001004	62	6.0	1.0	0,000	true	[001002, 001003, 001006, 001005, 001001, 001004]
684	1	001002	001004	63	10.0	1.0	0,002	true	[001002, 001003, 001006, 001005, 001004]
685	1	001002	001004	64	14.0	3.0	0,350	true	[001002, 001004]
686	1	001002	001004	65	5.0	1.0	0,002	true	[001002, 001005, 001000, 001001, 001004]
687	1	001002	001004	66	11.0	2.0	0,014	true	[001002, 001005, 001000, 001004]
688	1	001002	001004	67	7.0	2.0	0,000	true	[001002, 001005, 001000, 001006, 001003, 001004]
689	1	001002	001004	68	7.0	2.0	0,004	true	[001002, 001005, 001000, 001006, 001004]
690	1	001002	001004	69	5.0	2.0	0,006	true	[001002, 001005, 001001, 001000, 001004]
691	1	001002	001004	70	5.0	2.0	0,000	true	[001002, 001005, 001001, 001000, 001006, 001003, 001004]
692	1	001002	001004	71	5.0	2.0	0,002	true	[001002, 001005, 001001, 001000, 001006, 001004]
693	1	001002	001004	72	6.0	1.0	0,011	true	[001002, 001005, 001001, 001004]
694	1	001002	001004	73	6.0	2.0	0,000	true	[001002, 001005, 001003, 001004]
695	1	001002	001004	74	5.0	1.0	0,000	true	[001002, 001005, 001003, 001006, 001000, 001001, 001004]
696	1	001002	001004	75	6.0	2.0	0,000	true	[001002, 001005, 001003, 001006, 001000, 001004]
697	1	001002	001004	76	6.0	2.0	0,000	true	[001002, 001005, 001003, 001006, 001004]
698	1	001002	001004	77	10.0	2.0	0,042	true	[001002, 001005, 001004]
699	1	001002	001004	78	5.0	1.0	0,001	true	[001002, 001005, 001006, 001000, 001001, 001004]
700	1	001002	001004	79	7.0	1.0	0,007	true	[001002, 001005, 001006, 001000, 001004]
701	1	001002	001004	80	10.0	1.0	0,001	true	[001002, 001005, 001006, 001003, 001004]
702	1	001002	001004	81	10.0	1.0	0,031	true	[001002, 001005, 001006, 001004]
703	2	002004	002001	0	5.0	2.0	0,008	true	[002004, 002000, 002002, 002001]
704	2	002004	002001	1	5.0	2.0	0,002	true	[002004, 002000, 002002, 002005, 002001]
705	2	002004	002001	2	5.0	2.0	0,001	true	[002004, 002000, 002002, 002005, 002003, 002001]
706	2	002004	002001	3	7.0	2.0	0,035	true	[002004, 002000, 002003, 002001]
707	2	002004	002001	4	8.0	2.0	0,003	true	[002004, 002000, 002003, 002005, 002001]
708	2	002004	002001	5	5.0	2.0	0,000	true	[002004, 002000, 002003, 002005, 002002, 002001]
709	2	002004	002001	6	8.0	2.0	0,016	true	[002004, 002000, 002005, 002001]
710	2	002004	002001	7	5.0	2.0	0,000	true	[002004, 002000, 002005, 002002, 002001]
711	2	002004	002001	8	7.0	2.0	0,004	true	[002004, 002000, 002005, 002003, 002001]
712	2	002004	002001	9	5.0	1.0	0,026	true	[002004, 002000, 002006, 002001]
713	2	002004	002001	10	9.0	5.0	0,160	true	[002004, 002001]
714	2	002004	002001	11	5.0	3.0	0,001	true	[002004, 002003, 002000, 002002, 002001]
715	2	002004	002001	12	5.0	2.0	0,000	true	[002004, 002003, 002000, 002002, 002005, 002001]
716	2	002004	002001	13	8.0	2.0	0,003	true	[002004, 002003, 002000, 002005, 002001]
717	2	002004	002001	14	5.0	3.0	0,000	true	[002004, 002003, 002000, 002005, 002002, 002001]
718	2	002004	002001	15	5.0	1.0	0,005	true	[002004, 002003, 002000, 002006, 002001]
719	2	002004	002001	16	7.0	3.0	0,060	true	[002004, 002003, 002001]
720	2	002004	002001	17	5.0	2.0	0,000	true	[002004, 002003, 002005, 002000, 002002, 002001]
721	2	002004	002001	18	5.0	1.0	0,001	true	[002004, 002003, 002005, 002000, 002006, 002001]
722	2	002004	002001	19	8.0	2.0	0,005	true	[002004, 002003, 002005, 002001]
723	2	002004	002001	20	5.0	1.0	0,000	true	[002004, 002003, 002005, 002002, 002000, 002006, 002001]
724	2	002004	002001	21	5.0	2.0	0,000	true	[002004, 002003, 002005, 002002, 002001]
725	3	003004	003005	0	5.0	2.0	0,002	true	[003004, 003001, 003000, 003002, 003003, 003005]
726	3	003004	003005	1	5.0	2.0	0,000	true	[003004, 003001, 003000, 003002, 003005]
727	3	003004	003005	2	5.0	4.0	0,000	true	[003004, 003001, 003000, 003002, 003006, 003005]
728	3	003004	003005	3	5.0	2.0	0,000	true	[003004, 003001, 003000, 003003, 003002, 003005]
729	3	003004	003005	4	5.0	2.0	0,000	true	[003004, 003001, 003000, 003003, 003002, 003006, 003005]
730	3	003004	003005	5	5.0	2.0	0,008	true	[003004, 003001, 003000, 003003, 003005]
731	3	003004	003005	6	5.0	2.0	0,001	true	[003004, 003001, 003000, 003006, 003002, 003003, 003005]
732	3	003004	003005	7	5.0	2.0	0,000	true	[003004, 003001, 003000, 003006, 003002, 003005]
733	3	003004	003005	8	5.0	4.0	0,001	true	[003004, 003001, 003000, 003006, 003005]
734	3	003004	003005	9	5.0	2.0	0,001	true	[003004, 003001, 003002, 003000, 003003, 003005]
735	3	003004	003005	10	5.0	2.0	0,000	true	[003004, 003001, 003002, 003000, 003006, 003005]
736	3	003004	003005	11	5.0	2.0	0,000	true	[003004, 003001, 003002, 003003, 003000, 003006, 003005]
737	3	003004	003005	12	5.0	2.0	0,003	true	[003004, 003001, 003002, 003003, 003005]
738	3	003004	003005	13	5.0	2.0	0,001	true	[003004, 003001, 003002, 003005]
739	3	003004	003005	14	5.0	2.0	0,000	true	[003004, 003001, 003002, 003006, 003000, 003003, 003005]
740	3	003004	003005	15	5.0	2.0	0,000	true	[003004, 003001, 003002, 003006, 003005]
741	3	003004	003005	16	5.0	5.0	0,041	true	[003004, 003001, 003005]
742	3	003004	003005	17	5.0	1.0	0,001	true	[003004, 003001, 003006, 003000, 003002, 003003, 003005]
743	3	003004	003005	18	5.0	1.0	0,000	true	[003004, 003001, 003006, 003000, 003002, 003005]
744	3	003004	003005	19	5.0	1.0	0,000	true	[003004, 003001, 003006, 003000, 003003, 003002, 003005]
745	3	003004	003005	20	5.0	1.0	0,002	true	[003004, 003001, 003006, 003000, 003003, 003005]
746	3	003004	003005	21	5.0	1.0	0,000	true	[003004, 003001, 003006, 003002, 003000, 003003, 003005]
747	3	003004	003005	22	5.0	1.0	0,002	true	[003004, 003001, 003006, 003002, 003003, 003005]
748	3	003004	003005	23	5.0	1.0	0,000	true	[003004, 003001, 003006, 003002, 003005]
749	3	003004	003005	24	5.0	1.0	0,002	true	[003004, 003001, 003006, 003005]
750	3	003004	003005	25	7.0	1.0	0,001	true	[003004, 003002, 003000, 003001, 003005]
751	3	003004	003005	26	7.0	1.0	0,000	true	[003004, 003002, 003000, 003001, 003006, 003005]
752	3	003004	003005	27	8.0	1.0	0,001	true	[003004, 003002, 003000, 003003, 003005]
753	3	003004	003005	28	9.0	1.0	0,000	true	[003004, 003002, 003000, 003006, 003001, 003005]
754	3	003004	003005	29	7.0	1.0	0,000	true	[003004, 003002, 003000, 003006, 003005]
755	3	003004	003005	30	7.0	1.0	0,000	true	[003004, 003002, 003001, 003000, 003003, 003005]
756	3	003004	003005	31	7.0	1.0	0,000	true	[003004, 003002, 003001, 003000, 003006, 003005]
757	3	003004	003005	32	7.0	1.0	0,001	true	[003004, 003002, 003001, 003005]
758	3	003004	003005	33	7.0	1.0	0,000	true	[003004, 003002, 003001, 003006, 003000, 003003, 003005]
759	3	003004	003005	34	7.0	1.0	0,000	true	[003004, 003002, 003001, 003006, 003005]
760	3	003004	003005	35	7.0	1.0	0,000	true	[003004, 003002, 003003, 003000, 003001, 003005]
761	3	003004	003005	36	7.0	1.0	0,000	true	[003004, 003002, 003003, 003000, 003001, 003006, 003005]
762	3	003004	003005	37	7.0	1.0	0,000	true	[003004, 003002, 003003, 003000, 003006, 003001, 003005]
763	3	003004	003005	38	7.0	1.0	0,000	true	[003004, 003002, 003003, 003000, 003006, 003005]
764	3	003004	003005	39	7.0	1.0	0,003	true	[003004, 003002, 003003, 003005]
765	3	003004	003005	40	10.0	1.0	0,001	true	[003004, 003002, 003005]
766	3	003004	003005	41	7.0	1.0	0,000	true	[003004, 003002, 003006, 003000, 003001, 003005]
767	3	003004	003005	42	8.0	1.0	0,000	true	[003004, 003002, 003006, 003000, 003003, 003005]
768	3	003004	003005	43	7.0	1.0	0,000	true	[003004, 003002, 003006, 003001, 003000, 003003, 003005]
769	3	003004	003005	44	9.0	1.0	0,001	true	[003004, 003002, 003006, 003001, 003005]
770	3	003004	003005	45	7.0	1.0	0,000	true	[003004, 003002, 003006, 003005]
771	3	003004	003005	46	7.0	1.0	0,000	true	[003004, 003003, 003000, 003001, 003002, 003005]
772	3	003004	003005	47	7.0	1.0	0,000	true	[003004, 003003, 003000, 003001, 003002, 003006, 003005]
773	3	003004	003005	48	7.0	1.0	0,012	true	[003004, 003003, 003000, 003001, 003005]
774	3	003004	003005	49	7.0	1.0	0,000	true	[003004, 003003, 003000, 003001, 003006, 003002, 003005]
775	3	003004	003005	50	7.0	1.0	0,001	true	[003004, 003003, 003000, 003001, 003006, 003005]
776	3	003004	003005	51	7.0	1.0	0,001	true	[003004, 003003, 003000, 003002, 003001, 003005]
777	3	003004	003005	52	7.0	1.0	0,000	true	[003004, 003003, 003000, 003002, 003001, 003006, 003005]
778	3	003004	003005	53	8.0	1.0	0,001	true	[003004, 003003, 003000, 003002, 003005]
779	3	003004	003005	54	8.0	1.0	0,001	true	[003004, 003003, 003000, 003002, 003006, 003001, 003005]
780	3	003004	003005	55	7.0	1.0	0,000	true	[003004, 003003, 003000, 003002, 003006, 003005]
781	3	003004	003005	56	7.0	1.0	0,000	true	[003004, 003003, 003000, 003006, 003001, 003002, 003005]
782	3	003004	003005	57	8.0	1.0	0,004	true	[003004, 003003, 003000, 003006, 003001, 003005]
783	3	003004	003005	58	7.0	1.0	0,001	true	[003004, 003003, 003000, 003006, 003002, 003001, 003005]
784	3	003004	003005	59	8.0	1.0	0,000	true	[003004, 003003, 003000, 003006, 003002, 003005]
785	3	003004	003005	60	7.0	1.0	0,001	true	[003004, 003003, 003000, 003006, 003005]
786	3	003004	003005	61	7.0	1.0	0,003	true	[003004, 003003, 003002, 003000, 003001, 003005]
787	3	003004	003005	62	7.0	1.0	0,000	true	[003004, 003003, 003002, 003000, 003001, 003006, 003005]
788	3	003004	003005	63	7.0	1.0	0,001	true	[003004, 003003, 003002, 003000, 003006, 003001, 003005]
789	3	003004	003005	64	7.0	1.0	0,000	true	[003004, 003003, 003002, 003000, 003006, 003005]
790	3	003004	003005	65	7.0	1.0	0,000	true	[003004, 003003, 003002, 003001, 003000, 003006, 003005]
791	3	003004	003005	66	7.0	1.0	0,005	true	[003004, 003003, 003002, 003001, 003005]
792	3	003004	003005	67	7.0	1.0	0,000	true	[003004, 003003, 003002, 003001, 003006, 003005]
793	3	003004	003005	68	7.0	1.0	0,002	true	[003004, 003003, 003002, 003005]
794	3	003004	003005	69	7.0	1.0	0,001	true	[003004, 003003, 003002, 003006, 003000, 003001, 003005]
795	3	003004	003005	70	7.0	1.0	0,002	true	[003004, 003003, 003002, 003006, 003001, 003005]
796	3	003004	003005	71	7.0	1.0	0,001	true	[003004, 003003, 003002, 003006, 003005]
797	3	003004	003005	72	9.0	1.0	0,144	true	[003004, 003003, 003005]
798	3	003004	003005	73	5.0	1.0	0,080	true	[003004, 003005]
799	3	003004	003005	74	7.0	2.0	0,001	true	[003004, 003006, 003000, 003001, 003002, 003003, 003005]
800	3	003004	003005	75	7.0	2.0	0,000	true	[003004, 003006, 003000, 003001, 003002, 003005]
801	3	003004	003005	76	7.0	3.0	0,011	true	[003004, 003006, 003000, 003001, 003005]
802	3	003004	003005	77	7.0	2.0	0,001	true	[003004, 003006, 003000, 003002, 003001, 003005]
803	3	003004	003005	78	7.0	2.0	0,003	true	[003004, 003006, 003000, 003002, 003003, 003005]
804	3	003004	003005	79	10.0	2.0	0,001	true	[003004, 003006, 003000, 003002, 003005]
805	3	003004	003005	80	7.0	2.0	0,000	true	[003004, 003006, 003000, 003003, 003002, 003001, 003005]
806	3	003004	003005	81	7.0	2.0	0,000	true	[003004, 003006, 003000, 003003, 003002, 003005]
807	3	003004	003005	82	8.0	2.0	0,011	true	[003004, 003006, 003000, 003003, 003005]
808	3	003004	003005	83	7.0	1.0	0,001	true	[003004, 003006, 003001, 003000, 003002, 003003, 003005]
809	3	003004	003005	84	7.0	1.0	0,000	true	[003004, 003006, 003001, 003000, 003002, 003005]
810	3	003004	003005	85	7.0	1.0	0,000	true	[003004, 003006, 003001, 003000, 003003, 003002, 003005]
811	3	003004	003005	86	7.0	1.0	0,004	true	[003004, 003006, 003001, 003000, 003003, 003005]
812	3	003004	003005	87	7.0	1.0	0,000	true	[003004, 003006, 003001, 003002, 003000, 003003, 003005]
813	3	003004	003005	88	7.0	1.0	0,002	true	[003004, 003006, 003001, 003002, 003003, 003005]
814	3	003004	003005	89	7.0	1.0	0,000	true	[003004, 003006, 003001, 003002, 003005]
815	3	003004	003005	90	9.0	1.0	0,019	true	[003004, 003006, 003001, 003005]
816	3	003004	003005	91	7.0	3.0	0,002	true	[003004, 003006, 003002, 003000, 003001, 003005]
817	3	003004	003005	92	8.0	2.0	0,002	true	[003004, 003006, 003002, 003000, 003003, 003005]
818	3	003004	003005	93	7.0	2.0	0,001	true	[003004, 003006, 003002, 003001, 003000, 003003, 003005]
819	3	003004	003005	94	7.0	2.0	0,004	true	[003004, 003006, 003002, 003001, 003005]
820	3	003004	003005	95	7.0	2.0	0,001	true	[003004, 003006, 003002, 003003, 003000, 003001, 003005]
821	3	003004	003005	96	7.0	2.0	0,007	true	[003004, 003006, 003002, 003003, 003005]
822	3	003004	003005	97	10.0	2.0	0,002	true	[003004, 003006, 003002, 003005]
823	3	003004	003005	98	7.0	3.0	0,008	true	[003004, 003006, 003005]
824	3	003004	003006	99	5.0	2.0	0,000	true	[003004, 003001, 003000, 003002, 003003, 003005, 003006]
825	3	003004	003006	100	5.0	2.0	0,000	true	[003004, 003001, 003000, 003002, 003005, 003006]
826	3	003004	003006	101	5.0	4.0	0,006	true	[003004, 003001, 003000, 003002, 003006]
827	3	003004	003006	102	5.0	4.0	0,033	true	[003004, 003001, 003000, 003006]
828	3	003004	003006	103	5.0	1.0	0,058	true	[003004, 003001, 003006]
829	3	003004	003006	104	14.0	3.0	0,260	true	[003004, 003006]
830	4	004000	004006	0	8.0	1.0	0,049	true	[004000, 004003, 004002, 004006]
831	4	004000	004006	1	8.0	1.0	0,021	true	[004000, 004003, 004004, 004006]
832	4	004000	004006	2	6.0	2.0	0,002	true	[004000, 004003, 004005, 004006]
833	4	004000	004006	3	8.0	5.0	0,027	true	[004000, 004003, 004006]
834	4	004000	004006	4	7.0	1.0	0,007	true	[004000, 004004, 004003, 004002, 004006]
835	4	004000	004006	5	6.0	1.0	0,000	true	[004000, 004004, 004003, 004005, 004006]
836	4	004000	004006	6	7.0	1.0	0,004	true	[004000, 004004, 004003, 004006]
837	4	004000	004006	7	7.0	2.0	0,042	true	[004000, 004004, 004006]
838	4	004000	004006	8	6.0	1.0	0,007	true	[004000, 004005, 004003, 004002, 004006]
839	4	004000	004006	9	6.0	1.0	0,003	true	[004000, 004005, 004003, 004004, 004006]
840	4	004000	004006	10	6.0	2.0	0,004	true	[004000, 004005, 004003, 004006]
841	4	004000	004006	11	8.0	2.0	0,008	true	[004000, 004005, 004006]
842	4	004000	004006	12	12.0	1.0	0,250	true	[004000, 004006]
843	4	004000	004001	13	11.0	4.0	0,160	true	[004000, 004001]
844	4	004006	004001	14	11.0	1.0	0,040	true	[004006, 004000, 004001]
845	4	004006	004001	15	8.0	1.0	0,008	true	[004006, 004002, 004003, 004000, 004001]
846	4	004006	004001	16	7.0	1.0	0,001	true	[004006, 004002, 004003, 004004, 004000, 004001]
847	4	004006	004001	17	6.0	1.0	0,001	true	[004006, 004002, 004003, 004005, 004000, 004001]
848	4	004006	004001	18	8.0	4.0	0,004	true	[004006, 004003, 004000, 004001]
849	4	004006	004001	19	7.0	1.0	0,001	true	[004006, 004003, 004004, 004000, 004001]
850	4	004006	004001	20	6.0	2.0	0,001	true	[004006, 004003, 004005, 004000, 004001]
851	4	004006	004001	21	7.0	2.0	0,007	true	[004006, 004004, 004000, 004001]
852	4	004006	004001	22	8.0	1.0	0,003	true	[004006, 004004, 004003, 004000, 004001]
853	4	004006	004001	23	6.0	1.0	0,000	true	[004006, 004004, 004003, 004005, 004000, 004001]
854	4	004006	004001	24	8.0	2.0	0,001	true	[004006, 004005, 004000, 004001]
855	4	004006	004001	25	6.0	2.0	0,000	true	[004006, 004005, 004003, 004000, 004001]
856	4	004006	004001	26	6.0	1.0	0,000	true	[004006, 004005, 004003, 004004, 004000, 004001]
857	5	005006	005002	0	15.0	2.0	0,140	true	[005006, 005002]
858	5	005006	005002	1	7.0	2.0	0,000	true	[005006, 005003, 005000, 005001, 005002]
859	5	005006	005002	2	10.0	1.0	0,000	true	[005006, 005003, 005000, 005001, 005004, 005002]
860	5	005006	005002	3	10.0	2.0	0,000	true	[005006, 005003, 005000, 005001, 005005, 005004, 005002]
861	5	005006	005002	4	5.0	2.0	0,009	true	[005006, 005003, 005000, 005002]
862	5	005006	005002	5	7.0	2.0	0,000	true	[005006, 005003, 005000, 005005, 005001, 005002]
863	5	005006	005002	6	10.0	1.0	0,000	true	[005006, 005003, 005000, 005005, 005001, 005004, 005002]
864	5	005006	005002	7	7.0	1.0	0,000	true	[005006, 005003, 005000, 005005, 005004, 005001, 005002]
865	5	005006	005002	8	10.0	2.0	0,000	true	[005006, 005003, 005000, 005005, 005004, 005002]
866	5	005006	005002	9	15.0	2.0	0,043	true	[005006, 005003, 005002]
867	5	005006	005002	10	5.0	1.0	0,000	true	[005006, 005003, 005004, 005001, 005000, 005002]
868	5	005006	005002	11	7.0	1.0	0,000	true	[005006, 005003, 005004, 005001, 005002]
869	5	005006	005002	12	5.0	1.0	0,000	true	[005006, 005003, 005004, 005001, 005005, 005000, 005002]
870	5	005006	005002	13	7.0	2.0	0,000	true	[005006, 005003, 005004, 005002]
871	5	005006	005002	14	7.0	2.0	0,000	true	[005006, 005003, 005004, 005005, 005000, 005001, 005002]
872	5	005006	005002	15	5.0	2.0	0,000	true	[005006, 005003, 005004, 005005, 005000, 005002]
873	5	005006	005002	16	5.0	2.0	0,000	true	[005006, 005003, 005004, 005005, 005001, 005000, 005002]
874	5	005006	005002	17	7.0	2.0	0,000	true	[005006, 005003, 005004, 005005, 005001, 005002]
875	5	005006	005002	18	5.0	1.0	0,004	true	[005006, 005004, 005001, 005000, 005002]
876	5	005006	005002	19	8.0	1.0	0,000	true	[005006, 005004, 005001, 005000, 005003, 005002]
877	5	005006	005002	20	7.0	1.0	0,000	true	[005006, 005004, 005001, 005002]
878	5	005006	005002	21	5.0	1.0	0,000	true	[005006, 005004, 005001, 005005, 005000, 005002]
879	5	005006	005002	22	8.0	1.0	0,000	true	[005006, 005004, 005001, 005005, 005000, 005003, 005002]
880	5	005006	005002	23	8.0	2.0	0,000	true	[005006, 005004, 005002]
881	5	005006	005002	24	7.0	2.0	0,000	true	[005006, 005004, 005003, 005000, 005001, 005002]
882	5	005006	005002	25	5.0	2.0	0,001	true	[005006, 005004, 005003, 005000, 005002]
883	5	005006	005002	26	7.0	2.0	0,000	true	[005006, 005004, 005003, 005000, 005005, 005001, 005002]
884	5	005006	005002	27	7.0	2.0	0,005	true	[005006, 005004, 005003, 005002]
885	5	005006	005002	28	7.0	2.0	0,000	true	[005006, 005004, 005005, 005000, 005001, 005002]
886	5	005006	005002	29	5.0	2.0	0,003	true	[005006, 005004, 005005, 005000, 005002]
887	5	005006	005002	30	8.0	2.0	0,000	true	[005006, 005004, 005005, 005000, 005003, 005002]
888	5	005006	005002	31	5.0	2.0	0,002	true	[005006, 005004, 005005, 005001, 005000, 005002]
889	5	005006	005002	32	8.0	2.0	0,000	true	[005006, 005004, 005005, 005001, 005000, 005003, 005002]
890	5	005006	005002	33	7.0	2.0	0,000	true	[005006, 005004, 005005, 005001, 005002]
891	5	005006	005002	34	7.0	3.0	0,000	true	[005006, 005005, 005000, 005001, 005002]
892	5	005006	005002	35	10.0	1.0	0,000	true	[005006, 005005, 005000, 005001, 005004, 005002]
893	5	005006	005002	36	7.0	1.0	0,000	true	[005006, 005005, 005000, 005001, 005004, 005003, 005002]
894	5	005006	005002	37	5.0	3.0	0,001	true	[005006, 005005, 005000, 005002]
895	5	005006	005002	38	10.0	2.0	0,000	true	[005006, 005005, 005000, 005003, 005002]
896	5	005006	005002	39	7.0	1.0	0,000	true	[005006, 005005, 005000, 005003, 005004, 005001, 005002]
897	5	005006	005002	40	7.0	2.0	0,000	true	[005006, 005005, 005000, 005003, 005004, 005002]
898	5	005006	005002	41	5.0	3.0	0,001	true	[005006, 005005, 005001, 005000, 005002]
899	5	005006	005002	42	10.0	2.0	0,000	true	[005006, 005005, 005001, 005000, 005003, 005002]
900	5	005006	005002	43	7.0	2.0	0,000	true	[005006, 005005, 005001, 005000, 005003, 005004, 005002]
901	5	005006	005002	44	7.0	3.0	0,000	true	[005006, 005005, 005001, 005002]
902	5	005006	005002	45	10.0	1.0	0,000	true	[005006, 005005, 005001, 005004, 005002]
903	5	005006	005002	46	5.0	1.0	0,000	true	[005006, 005005, 005001, 005004, 005003, 005000, 005002]
904	5	005006	005002	47	7.0	1.0	0,000	true	[005006, 005005, 005001, 005004, 005003, 005002]
905	5	005006	005002	48	5.0	1.0	0,000	true	[005006, 005005, 005004, 005001, 005000, 005002]
906	5	005006	005002	49	10.0	1.0	0,000	true	[005006, 005005, 005004, 005001, 005000, 005003, 005002]
907	5	005006	005002	50	7.0	1.0	0,000	true	[005006, 005005, 005004, 005001, 005002]
908	5	005006	005002	51	10.0	3.0	0,000	true	[005006, 005005, 005004, 005002]
909	5	005006	005002	52	7.0	2.0	0,000	true	[005006, 005005, 005004, 005003, 005000, 005001, 005002]
910	5	005006	005002	53	5.0	2.0	0,000	true	[005006, 005005, 005004, 005003, 005000, 005002]
911	5	005006	005002	54	7.0	3.0	0,000	true	[005006, 005005, 005004, 005003, 005002]
912	5	005006	005000	55	5.0	2.0	0,063	true	[005006, 005002, 005000]
913	5	005006	005000	56	7.0	2.0	0,001	true	[005006, 005002, 005001, 005000]
914	5	005006	005000	57	7.0	1.0	0,000	true	[005006, 005002, 005001, 005004, 005003, 005000]
915	5	005006	005000	58	7.0	1.0	0,000	true	[005006, 005002, 005001, 005004, 005005, 005000]
916	5	005006	005000	59	7.0	2.0	0,000	true	[005006, 005002, 005001, 005005, 005000]
917	5	005006	005000	60	7.0	2.0	0,000	true	[005006, 005002, 005001, 005005, 005004, 005003, 005000]
918	5	005006	005000	61	10.0	2.0	0,007	true	[005006, 005002, 005003, 005000]
919	5	005006	005000	62	7.0	1.0	0,000	true	[005006, 005002, 005003, 005004, 005001, 005000]
920	5	005006	005000	63	7.0	1.0	0,000	true	[005006, 005002, 005003, 005004, 005001, 005005, 005000]
921	5	005006	005000	64	7.0	2.0	0,000	true	[005006, 005002, 005003, 005004, 005005, 005000]
922	5	005006	005000	65	7.0	2.0	0,000	true	[005006, 005002, 005003, 005004, 005005, 005001, 005000]
923	5	005006	005000	66	10.0	1.0	0,000	true	[005006, 005002, 005004, 005001, 005000]
924	5	005006	005000	67	10.0	1.0	0,000	true	[005006, 005002, 005004, 005001, 005005, 005000]
925	5	005006	005000	68	7.0	2.0	0,000	true	[005006, 005002, 005004, 005003, 005000]
926	5	005006	005000	69	10.0	2.0	0,000	true	[005006, 005002, 005004, 005005, 005000]
927	5	005006	005000	70	10.0	2.0	0,000	true	[005006, 005002, 005004, 005005, 005001, 005000]
928	5	005006	005000	71	10.0	2.0	0,021	true	[005006, 005003, 005000]
929	5	005006	005000	72	5.0	2.0	0,019	true	[005006, 005003, 005002, 005000]
930	5	005006	005000	73	7.0	2.0	0,000	true	[005006, 005003, 005002, 005001, 005000]
931	5	005006	005000	74	7.0	1.0	0,000	true	[005006, 005003, 005002, 005001, 005004, 005005, 005000]
932	5	005006	005000	75	7.0	2.0	0,000	true	[005006, 005003, 005002, 005001, 005005, 005000]
933	5	005006	005000	76	10.0	1.0	0,000	true	[005006, 005003, 005002, 005004, 005001, 005000]
934	5	005006	005000	77	10.0	1.0	0,000	true	[005006, 005003, 005002, 005004, 005001, 005005, 005000]
935	5	005006	005000	78	10.0	2.0	0,000	true	[005006, 005003, 005002, 005004, 005005, 005000]
936	5	005006	005000	79	10.0	2.0	0,000	true	[005006, 005003, 005002, 005004, 005005, 005001, 005000]
937	5	005006	005000	80	7.0	1.0	0,001	true	[005006, 005003, 005004, 005001, 005000]
938	5	005006	005000	81	5.0	1.0	0,000	true	[005006, 005003, 005004, 005001, 005002, 005000]
939	5	005006	005000	82	7.0	1.0	0,000	true	[005006, 005003, 005004, 005001, 005005, 005000]
940	5	005006	005000	83	5.0	2.0	0,000	true	[005006, 005003, 005004, 005002, 005000]
941	5	005006	005000	84	7.0	2.0	0,000	true	[005006, 005003, 005004, 005002, 005001, 005000]
942	5	005006	005000	85	7.0	2.0	0,000	true	[005006, 005003, 005004, 005002, 005001, 005005, 005000]
943	5	005006	005000	86	7.0	2.0	0,000	true	[005006, 005003, 005004, 005005, 005000]
944	5	005006	005000	87	7.0	2.0	0,000	true	[005006, 005003, 005004, 005005, 005001, 005000]
945	5	005006	005000	88	5.0	2.0	0,000	true	[005006, 005003, 005004, 005005, 005001, 005002, 005000]
946	5	005006	005000	89	8.0	1.0	0,008	true	[005006, 005004, 005001, 005000]
947	5	005006	005000	90	5.0	1.0	0,000	true	[005006, 005004, 005001, 005002, 005000]
948	5	005006	005000	91	7.0	1.0	0,000	true	[005006, 005004, 005001, 005002, 005003, 005000]
949	5	005006	005000	92	8.0	1.0	0,001	true	[005006, 005004, 005001, 005005, 005000]
950	5	005006	005000	93	5.0	2.0	0,000	true	[005006, 005004, 005002, 005000]
951	5	005006	005000	94	7.0	2.0	0,000	true	[005006, 005004, 005002, 005001, 005000]
952	5	005006	005000	95	7.0	2.0	0,000	true	[005006, 005004, 005002, 005001, 005005, 005000]
953	5	005006	005000	96	8.0	2.0	0,000	true	[005006, 005004, 005002, 005003, 005000]
954	5	005006	005000	97	7.0	2.0	0,003	true	[005006, 005004, 005003, 005000]
955	5	005006	005000	98	5.0	2.0	0,002	true	[005006, 005004, 005003, 005002, 005000]
956	5	005006	005000	99	7.0	2.0	0,000	true	[005006, 005004, 005003, 005002, 005001, 005000]
957	5	005006	005000	100	7.0	2.0	0,000	true	[005006, 005004, 005003, 005002, 005001, 005005, 005000]
958	6	006004	006002	0	5.0	1.0	0,040	true	[006004, 006000, 006001, 006002]
959	6	006004	006002	1	5.0	1.0	0,002	true	[006004, 006000, 006001, 006006, 006002]
960	6	006004	006002	2	5.0	1.0	0,001	true	[006004, 006000, 006001, 006006, 006003, 006002]
961	6	006004	006002	3	5.0	1.0	0,000	true	[006004, 006000, 006001, 006006, 006003, 006005, 006002]
962	6	006004	006002	4	5.0	1.0	0,001	true	[006004, 006000, 006001, 006006, 006005, 006002]
963	6	006004	006002	5	5.0	1.0	0,000	true	[006004, 006000, 006001, 006006, 006005, 006003, 006002]
964	6	006004	006002	6	6.0	1.0	0,080	true	[006004, 006000, 006002]
965	6	006004	006002	7	8.0	1.0	0,032	true	[006004, 006000, 006005, 006002]
966	6	006004	006002	8	13.0	1.0	0,005	true	[006004, 006000, 006005, 006003, 006002]
967	6	006004	006002	9	6.0	1.0	0,000	true	[006004, 006000, 006005, 006003, 006006, 006001, 006002]
968	6	006004	006002	10	5.0	1.0	0,001	true	[006004, 006000, 006005, 006003, 006006, 006002]
969	6	006004	006002	11	6.0	1.0	0,001	true	[006004, 006000, 006005, 006006, 006001, 006002]
970	6	006004	006002	12	5.0	1.0	0,004	true	[006004, 006000, 006005, 006006, 006002]
971	6	006004	006002	13	6.0	1.0	0,002	true	[006004, 006000, 006005, 006006, 006003, 006002]
972	6	006004	006002	14	6.0	1.0	0,002	true	[006004, 006000, 006006, 006001, 006002]
973	6	006004	006002	15	5.0	1.0	0,009	true	[006004, 006000, 006006, 006002]
974	6	006004	006002	16	6.0	1.0	0,004	true	[006004, 006000, 006006, 006003, 006002]
975	6	006004	006002	17	6.0	1.0	0,002	true	[006004, 006000, 006006, 006003, 006005, 006002]
976	6	006004	006002	18	6.0	1.0	0,005	true	[006004, 006000, 006006, 006005, 006002]
977	6	006004	006002	19	6.0	1.0	0,001	true	[006004, 006000, 006006, 006005, 006003, 006002]
978	6	006004	006002	20	14.0	2.0	0,070	true	[006004, 006002]
979	6	006004	006002	21	13.0	2.0	0,045	true	[006004, 006003, 006002]
980	6	006004	006002	22	5.0	1.0	0,003	true	[006004, 006003, 006005, 006000, 006001, 006002]
981	6	006004	006002	23	5.0	1.0	0,000	true	[006004, 006003, 006005, 006000, 006001, 006006, 006002]
982	6	006004	006002	24	6.0	1.0	0,005	true	[006004, 006003, 006005, 006000, 006002]
983	6	006004	006002	25	6.0	1.0	0,000	true	[006004, 006003, 006005, 006000, 006006, 006001, 006002]
984	6	006004	006002	26	5.0	1.0	0,001	true	[006004, 006003, 006005, 006000, 006006, 006002]
985	6	006004	006002	27	8.0	3.0	0,020	true	[006004, 006003, 006005, 006002]
986	6	006004	006002	28	5.0	1.0	0,000	true	[006004, 006003, 006005, 006006, 006000, 006001, 006002]
987	6	006004	006002	29	6.0	2.0	0,001	true	[006004, 006003, 006005, 006006, 006000, 006002]
988	6	006004	006002	30	5.0	1.0	0,000	true	[006004, 006003, 006005, 006006, 006001, 006000, 006002]
989	6	006004	006002	31	6.0	2.0	0,000	true	[006004, 006003, 006005, 006006, 006001, 006002]
990	6	006004	006002	32	5.0	4.0	0,002	true	[006004, 006003, 006005, 006006, 006002]
991	6	006004	006002	33	5.0	1.0	0,002	true	[006004, 006003, 006006, 006000, 006001, 006002]
992	6	006004	006002	34	6.0	2.0	0,004	true	[006004, 006003, 006006, 006000, 006002]
993	6	006004	006002	35	6.0	1.0	0,002	true	[006004, 006003, 006006, 006000, 006005, 006002]
994	6	006004	006002	36	5.0	1.0	0,001	true	[006004, 006003, 006006, 006001, 006000, 006002]
995	6	006004	006002	37	5.0	1.0	0,000	true	[006004, 006003, 006006, 006001, 006000, 006005, 006002]
996	6	006004	006002	38	6.0	2.0	0,002	true	[006004, 006003, 006006, 006001, 006002]
997	6	006004	006002	39	5.0	2.0	0,013	true	[006004, 006003, 006006, 006002]
998	6	006004	006002	40	5.0	1.0	0,001	true	[006004, 006003, 006006, 006005, 006000, 006001, 006002]
999	6	006004	006002	41	6.0	1.0	0,002	true	[006004, 006003, 006006, 006005, 006000, 006002]
1000	6	006004	006002	42	6.0	2.0	0,006	true	[006004, 006003, 006006, 006005, 006002]
1001	6	006004	006002	43	5.0	1.0	0,013	true	[006004, 006005, 006000, 006001, 006002]
1002	6	006004	006002	44	5.0	1.0	0,001	true	[006004, 006005, 006000, 006001, 006006, 006002]
1003	6	006004	006002	45	5.0	1.0	0,000	true	[006004, 006005, 006000, 006001, 006006, 006003, 006002]
1004	6	006004	006002	46	6.0	1.0	0,025	true	[006004, 006005, 006000, 006002]
1005	6	006004	006002	47	6.0	1.0	0,001	true	[006004, 006005, 006000, 006006, 006001, 006002]
1006	6	006004	006002	48	5.0	1.0	0,003	true	[006004, 006005, 006000, 006006, 006002]
1007	6	006004	006002	49	6.0	1.0	0,001	true	[006004, 006005, 006000, 006006, 006003, 006002]
1008	6	006004	006002	50	6.0	3.0	0,092	true	[006004, 006005, 006002]
1009	6	006004	006002	51	6.0	2.0	0,015	true	[006004, 006005, 006003, 006002]
1010	6	006004	006002	52	5.0	1.0	0,001	true	[006004, 006005, 006003, 006006, 006000, 006001, 006002]
1011	6	006004	006002	53	6.0	2.0	0,001	true	[006004, 006005, 006003, 006006, 006000, 006002]
1012	6	006004	006002	54	5.0	1.0	0,000	true	[006004, 006005, 006003, 006006, 006001, 006000, 006002]
1013	6	006004	006002	55	6.0	2.0	0,001	true	[006004, 006005, 006003, 006006, 006001, 006002]
1014	6	006004	006002	56	5.0	2.0	0,004	true	[006004, 006005, 006003, 006006, 006002]
1015	6	006004	006002	57	5.0	1.0	0,002	true	[006004, 006005, 006006, 006000, 006001, 006002]
1016	6	006004	006002	58	6.0	2.0	0,004	true	[006004, 006005, 006006, 006000, 006002]
1017	6	006004	006002	59	5.0	1.0	0,001	true	[006004, 006005, 006006, 006001, 006000, 006002]
1018	6	006004	006002	60	6.0	2.0	0,002	true	[006004, 006005, 006006, 006001, 006002]
1019	6	006004	006002	61	5.0	4.0	0,011	true	[006004, 006005, 006006, 006002]
1020	6	006004	006002	62	6.0	2.0	0,005	true	[006004, 006005, 006006, 006003, 006002]
1021	7	007000	007002	0	6.0	2.0	0,050	true	[007000, 007001, 007002]
1022	7	007000	007002	1	5.0	1.0	0,028	true	[007000, 007001, 007004, 007002]
1023	7	007000	007002	2	6.0	1.0	0,001	true	[007000, 007001, 007004, 007005, 007002]
1024	7	007000	007002	3	6.0	1.0	0,000	true	[007000, 007001, 007004, 007005, 007003, 007006, 007002]
1025	7	007000	007002	4	6.0	2.0	0,048	true	[007000, 007001, 007006, 007002]
1026	7	007000	007002	5	6.0	1.0	0,001	true	[007000, 007001, 007006, 007003, 007005, 007002]
1027	7	007000	007002	6	5.0	1.0	0,000	true	[007000, 007001, 007006, 007003, 007005, 007004, 007002]
1028	7	007000	007002	7	7.0	5.0	0,300	true	[007000, 007002]
1029	7	007000	007002	8	12.0	1.0	0,014	true	[007000, 007003, 007005, 007002]
1030	7	007000	007002	9	8.0	1.0	0,000	true	[007000, 007003, 007005, 007004, 007001, 007002]
1031	7	007000	007002	10	7.0	1.0	0,000	true	[007000, 007003, 007005, 007004, 007001, 007006, 007002]
1032	7	007000	007002	11	5.0	1.0	0,005	true	[007000, 007003, 007005, 007004, 007002]
1033	7	007000	007002	12	9.0	2.0	0,005	true	[007000, 007003, 007006, 007001, 007002]
1034	7	007000	007002	13	5.0	1.0	0,003	true	[007000, 007003, 007006, 007001, 007004, 007002]
1035	7	007000	007002	14	8.0	1.0	0,000	true	[007000, 007003, 007006, 007001, 007004, 007005, 007002]
1036	7	007000	007002	15	7.0	2.0	0,033	true	[007000, 007003, 007006, 007002]
1037	7	007000	007002	16	12.0	3.0	0,003	true	[007000, 007006, 007001, 007002]
1038	7	007000	007002	17	5.0	1.0	0,001	true	[007000, 007006, 007001, 007004, 007002]
1039	7	007000	007002	18	8.0	1.0	0,000	true	[007000, 007006, 007001, 007004, 007005, 007002]
1040	7	007000	007002	19	7.0	2.0	0,018	true	[007000, 007006, 007002]
1041	7	007000	007002	20	9.0	1.0	0,000	true	[007000, 007006, 007003, 007005, 007002]
1042	7	007000	007002	21	8.0	1.0	0,000	true	[007000, 007006, 007003, 007005, 007004, 007001, 007002]
1043	7	007000	007002	22	5.0	1.0	0,000	true	[007000, 007006, 007003, 007005, 007004, 007002]
1044	8	008001	008004	0	5.0	1.0	0,001	true	[008001, 008000, 008002, 008003, 008004]
1045	8	008001	008004	1	5.0	1.0	0,000	true	[008001, 008000, 008002, 008003, 008006, 008004]
1046	8	008001	008004	2	5.0	3.0	0,001	true	[008001, 008000, 008002, 008004]
1047	8	008001	008004	3	7.0	1.0	0,000	true	[008001, 008000, 008003, 008002, 008004]
1048	8	008001	008004	4	7.0	3.0	0,014	true	[008001, 008000, 008003, 008004]
1049	8	008001	008004	5	5.0	3.0	0,004	true	[008001, 008000, 008003, 008006, 008004]
1050	8	008001	008004	6	5.0	1.0	0,012	true	[008001, 008000, 008004]
1051	8	008001	008004	7	9.0	1.0	0,000	true	[008001, 008000, 008005, 008006, 008003, 008002, 008004]
1052	8	008001	008004	8	9.0	2.0	0,000	true	[008001, 008000, 008005, 008006, 008003, 008004]
1053	8	008001	008004	9	5.0	2.0	0,001	true	[008001, 008000, 008005, 008006, 008004]
1054	8	008001	008004	10	9.0	1.0	0,000	true	[008001, 008000, 008006, 008003, 008002, 008004]
1055	8	008001	008004	11	9.0	2.0	0,002	true	[008001, 008000, 008006, 008003, 008004]
1056	8	008001	008004	12	5.0	2.0	0,005	true	[008001, 008000, 008006, 008004]
1057	8	008001	008004	13	5.0	3.0	0,002	true	[008001, 008002, 008000, 008003, 008004]
1058	8	008001	008004	14	5.0	3.0	0,000	true	[008001, 008002, 008000, 008003, 008006, 008004]
1059	8	008001	008004	15	5.0	1.0	0,001	true	[008001, 008002, 008000, 008004]
1060	8	008001	008004	16	5.0	2.0	0,000	true	[008001, 008002, 008000, 008005, 008006, 008003, 008004]
1061	8	008001	008004	17	5.0	2.0	0,000	true	[008001, 008002, 008000, 008005, 008006, 008004]
1062	8	008001	008004	18	5.0	2.0	0,000	true	[008001, 008002, 008000, 008006, 008003, 008004]
1063	8	008001	008004	19	5.0	2.0	0,001	true	[008001, 008002, 008000, 008006, 008004]
1064	8	008001	008004	20	5.0	1.0	0,000	true	[008001, 008002, 008003, 008000, 008004]
1065	8	008001	008004	21	5.0	1.0	0,000	true	[008001, 008002, 008003, 008000, 008005, 008006, 008004]
1066	8	008001	008004	22	5.0	1.0	0,000	true	[008001, 008002, 008003, 008000, 008006, 008004]
1067	8	008001	008004	23	11.0	1.0	0,003	true	[008001, 008002, 008003, 008004]
1068	8	008001	008004	24	5.0	1.0	0,000	true	[008001, 008002, 008003, 008006, 008000, 008004]
1069	8	008001	008004	25	5.0	1.0	0,001	true	[008001, 008002, 008003, 008006, 008004]
1070	8	008001	008004	26	5.0	1.0	0,000	true	[008001, 008002, 008003, 008006, 008005, 008000, 008004]
1071	8	008001	008004	27	13.0	3.0	0,004	true	[008001, 008002, 008004]
1072	8	008001	008004	28	15.0	1.0	0,030	true	[008001, 008004]
1073	8	008001	008000	29	15.0	3.0	0,120	true	[008001, 008000]
1074	8	008001	008000	30	5.0	3.0	0,014	true	[008001, 008002, 008000]
1075	8	008001	008000	31	7.0	1.0	0,002	true	[008001, 008002, 008003, 008000]
1076	8	008001	008000	32	5.0	1.0	0,000	true	[008001, 008002, 008003, 008004, 008000]
1077	8	008001	008000	33	5.0	1.0	0,000	true	[008001, 008002, 008003, 008004, 008006, 008000]
1078	8	008001	008000	34	5.0	1.0	0,000	true	[008001, 008002, 008003, 008004, 008006, 008005, 008000]
1079	8	008001	008000	35	9.0	1.0	0,000	true	[008001, 008002, 008003, 008006, 008000]
1080	8	008001	008000	36	5.0	1.0	0,000	true	[008001, 008002, 008003, 008006, 008004, 008000]
1081	8	008001	008000	37	9.0	1.0	0,000	true	[008001, 008002, 008003, 008006, 008005, 008000]
1082	8	008001	008000	38	5.0	1.0	0,000	true	[008001, 008002, 008004, 008000]
1083	8	008001	008000	39	7.0	3.0	0,000	true	[008001, 008002, 008004, 008003, 008000]
1084	8	008001	008000	40	9.0	2.0	0,000	true	[008001, 008002, 008004, 008003, 008006, 008000]
1085	8	008001	008000	41	9.0	2.0	0,000	true	[008001, 008002, 008004, 008003, 008006, 008005, 008000]
1086	8	008001	008000	42	5.0	2.0	0,000	true	[008001, 008002, 008004, 008006, 008000]
1087	8	008001	008000	43	5.0	3.0	0,000	true	[008001, 008002, 008004, 008006, 008003, 008000]
1088	8	008001	008000	44	5.0	2.0	0,000	true	[008001, 008002, 008004, 008006, 008005, 008000]
1089	8	008001	008000	45	5.0	1.0	0,003	true	[008001, 008004, 008000]
1090	8	008001	008000	46	5.0	1.0	0,000	true	[008001, 008004, 008002, 008000]
1091	8	008001	008000	47	7.0	1.0	0,000	true	[008001, 008004, 008002, 008003, 008000]
1092	8	008001	008000	48	9.0	1.0	0,000	true	[008001, 008004, 008002, 008003, 008006, 008000]
1093	8	008001	008000	49	9.0	1.0	0,000	true	[008001, 008004, 008002, 008003, 008006, 008005, 008000]
1094	8	008001	008000	50	7.0	1.0	0,004	true	[008001, 008004, 008003, 008000]
1095	8	008001	008000	51	5.0	1.0	0,000	true	[008001, 008004, 008003, 008002, 008000]
1096	8	008001	008000	52	9.0	1.0	0,000	true	[008001, 008004, 008003, 008006, 008000]
1097	8	008001	008000	53	9.0	1.0	0,000	true	[008001, 008004, 008003, 008006, 008005, 008000]
1098	8	008001	008000	54	5.0	1.0	0,001	true	[008001, 008004, 008006, 008000]
1099	8	008001	008000	55	5.0	1.0	0,001	true	[008001, 008004, 008006, 008003, 008000]
1100	8	008001	008000	56	5.0	1.0	0,000	true	[008001, 008004, 008006, 008003, 008002, 008000]
1101	8	008001	008000	57	5.0	1.0	0,000	true	[008001, 008004, 008006, 008005, 008000]
1102	8	008001	008002	58	5.0	3.0	0,024	true	[008001, 008000, 008002]
1103	8	008001	008002	59	7.0	1.0	0,003	true	[008001, 008000, 008003, 008002]
1104	8	008001	008002	60	7.0	3.0	0,001	true	[008001, 008000, 008003, 008004, 008002]
1105	8	008001	008002	61	5.0	3.0	0,000	true	[008001, 008000, 008003, 008006, 008004, 008002]
1106	8	008001	008002	62	5.0	1.0	0,001	true	[008001, 008000, 008004, 008002]
1107	8	008001	008002	63	5.0	1.0	0,000	true	[008001, 008000, 008004, 008003, 008002]
1108	8	008001	008002	64	5.0	1.0	0,000	true	[008001, 008000, 008004, 008006, 008003, 008002]
1109	8	008001	008002	65	9.0	1.0	0,000	true	[008001, 008000, 008005, 008006, 008003, 008002]
1110	8	008001	008002	66	9.0	2.0	0,000	true	[008001, 008000, 008005, 008006, 008003, 008004, 008002]
1111	8	008001	008002	67	5.0	2.0	0,000	true	[008001, 008000, 008005, 008006, 008004, 008002]
1112	8	008001	008002	68	5.0	1.0	0,000	true	[008001, 008000, 008005, 008006, 008004, 008003, 008002]
1113	8	008001	008002	69	9.0	1.0	0,000	true	[008001, 008000, 008006, 008003, 008002]
1114	8	008001	008002	70	9.0	2.0	0,000	true	[008001, 008000, 008006, 008003, 008004, 008002]
1115	8	008001	008002	71	5.0	2.0	0,000	true	[008001, 008000, 008006, 008004, 008002]
1116	8	008001	008002	72	5.0	1.0	0,000	true	[008001, 008000, 008006, 008004, 008003, 008002]
1117	8	008001	008002	73	13.0	3.0	0,070	true	[008001, 008002]
1118	8	008001	008002	74	5.0	1.0	0,001	true	[008001, 008004, 008000, 008002]
1119	8	008001	008002	75	5.0	1.0	0,000	true	[008001, 008004, 008000, 008003, 008002]
1120	8	008001	008002	76	5.0	1.0	0,000	true	[008001, 008004, 008000, 008005, 008006, 008003, 008002]
1121	8	008001	008002	77	5.0	1.0	0,000	true	[008001, 008004, 008000, 008006, 008003, 008002]
1122	8	008001	008002	78	13.0	1.0	0,002	true	[008001, 008004, 008002]
1123	8	008001	008002	79	5.0	1.0	0,001	true	[008001, 008004, 008003, 008000, 008002]
1124	8	008001	008002	80	11.0	1.0	0,001	true	[008001, 008004, 008003, 008002]
1125	8	008001	008002	81	5.0	1.0	0,000	true	[008001, 008004, 008003, 008006, 008000, 008002]
1126	8	008001	008002	82	5.0	1.0	0,000	true	[008001, 008004, 008003, 008006, 008005, 008000, 008002]
1127	8	008001	008002	83	5.0	1.0	0,000	true	[008001, 008004, 008006, 008000, 008002]
1128	8	008001	008002	84	5.0	1.0	0,000	true	[008001, 008004, 008006, 008000, 008003, 008002]
1129	8	008001	008002	85	5.0	1.0	0,000	true	[008001, 008004, 008006, 008003, 008000, 008002]
1130	8	008001	008002	86	5.0	1.0	0,000	true	[008001, 008004, 008006, 008003, 008002]
1131	8	008001	008002	87	5.0	1.0	0,000	true	[008001, 008004, 008006, 008005, 008000, 008002]
1132	8	008001	008002	88	5.0	1.0	0,000	true	[008001, 008004, 008006, 008005, 008000, 008003, 008002]
1133	8	008004	008000	89	5.0	1.0	0,100	true	[008004, 008000]
1134	8	008004	008000	90	15.0	1.0	0,004	true	[008004, 008001, 008000]
1135	8	008004	008000	91	5.0	1.0	0,000	true	[008004, 008001, 008002, 008000]
1136	8	008004	008000	92	7.0	1.0	0,000	true	[008004, 008001, 008002, 008003, 008000]
1137	8	008004	008000	93	9.0	1.0	0,000	true	[008004, 008001, 008002, 008003, 008006, 008000]
1138	8	008004	008000	94	9.0	1.0	0,000	true	[008004, 008001, 008002, 008003, 008006, 008005, 008000]
1139	8	008004	008000	95	5.0	3.0	0,010	true	[008004, 008002, 008000]
1140	8	008004	008000	96	13.0	3.0	0,000	true	[008004, 008002, 008001, 008000]
1141	8	008004	008000	97	7.0	1.0	0,001	true	[008004, 008002, 008003, 008000]
1142	8	008004	008000	98	9.0	1.0	0,000	true	[008004, 008002, 008003, 008006, 008000]
1143	8	008004	008000	99	9.0	1.0	0,000	true	[008004, 008002, 008003, 008006, 008005, 008000]
1144	8	008004	008000	100	7.0	3.0	0,118	true	[008004, 008003, 008000]
1145	9	009005	009001	0	8.0	2.0	0,026	true	[009005, 009002, 009000, 009001]
1146	9	009005	009001	1	6.0	3.0	0,001	true	[009005, 009002, 009000, 009003, 009001]
1147	9	009005	009001	2	5.0	3.0	0,000	true	[009005, 009002, 009000, 009003, 009004, 009001]
1148	9	009005	009001	3	7.0	2.0	0,000	true	[009005, 009002, 009000, 009003, 009004, 009006, 009001]
1149	9	009005	009001	4	5.0	3.0	0,000	true	[009005, 009002, 009000, 009003, 009006, 009001]
1150	9	009005	009001	5	5.0	2.0	0,000	true	[009005, 009002, 009000, 009003, 009006, 009004, 009001]
1151	9	009005	009001	6	5.0	2.0	0,002	true	[009005, 009002, 009000, 009004, 009001]
1152	9	009005	009001	7	6.0	2.0	0,000	true	[009005, 009002, 009000, 009004, 009003, 009001]
1153	9	009005	009001	8	5.0	2.0	0,000	true	[009005, 009002, 009000, 009004, 009003, 009006, 009001]
1154	9	009005	009001	9	7.0	2.0	0,001	true	[009005, 009002, 009000, 009004, 009006, 009001]
1155	9	009005	009001	10	5.0	2.0	0,000	true	[009005, 009002, 009000, 009004, 009006, 009003, 009001]
1156	9	009005	009001	11	7.0	3.0	0,006	true	[009005, 009002, 009000, 009006, 009001]
1157	9	009005	009001	12	5.0	3.0	0,001	true	[009005, 009002, 009000, 009006, 009003, 009001]
1158	9	009005	009001	13	5.0	3.0	0,000	true	[009005, 009002, 009000, 009006, 009003, 009004, 009001]
1159	9	009005	009001	14	5.0	2.0	0,001	true	[009005, 009002, 009000, 009006, 009004, 009001]
1160	9	009005	009001	15	6.0	2.0	0,000	true	[009005, 009002, 009000, 009006, 009004, 009003, 009001]
1161	9	009005	009001	16	8.0	3.0	0,038	true	[009005, 009002, 009001]
1162	9	009005	009001	17	8.0	2.0	0,009	true	[009005, 009003, 009000, 009001]
1163	9	009005	009001	18	8.0	4.0	0,000	true	[009005, 009003, 009000, 009002, 009001]
1164	9	009005	009001	19	5.0	2.0	0,001	true	[009005, 009003, 009000, 009004, 009001]
1165	9	009005	009001	20	7.0	2.0	0,000	true	[009005, 009003, 009000, 009004, 009006, 009001]
1166	9	009005	009001	21	7.0	3.0	0,002	true	[009005, 009003, 009000, 009006, 009001]
1167	9	009005	009001	22	5.0	2.0	0,000	true	[009005, 009003, 009000, 009006, 009004, 009001]
1168	9	009005	009001	23	6.0	3.0	0,032	true	[009005, 009003, 009001]
1169	9	009005	009001	24	8.0	2.0	0,002	true	[009005, 009003, 009004, 009000, 009001]
1170	9	009005	009001	25	8.0	2.0	0,000	true	[009005, 009003, 009004, 009000, 009002, 009001]
1171	9	009005	009001	26	7.0	2.0	0,000	true	[009005, 009003, 009004, 009000, 009006, 009001]
1172	9	009005	009001	27	5.0	3.0	0,004	true	[009005, 009003, 009004, 009001]
1173	9	009005	009001	28	7.0	2.0	0,001	true	[009005, 009003, 009004, 009006, 009000, 009001]
1174	9	009005	009001	29	7.0	2.0	0,000	true	[009005, 009003, 009004, 009006, 009000, 009002, 009001]
1175	9	009005	009001	30	7.0	2.0	0,001	true	[009005, 009003, 009004, 009006, 009001]
1176	9	009005	009001	31	5.0	2.0	0,005	true	[009005, 009003, 009006, 009000, 009001]
1177	9	009005	009001	32	5.0	3.0	0,000	true	[009005, 009003, 009006, 009000, 009002, 009001]
1178	9	009005	009001	33	5.0	2.0	0,000	true	[009005, 009003, 009006, 009000, 009004, 009001]
1179	9	009005	009001	34	5.0	3.0	0,010	true	[009005, 009003, 009006, 009001]
1180	9	009005	009001	35	5.0	2.0	0,001	true	[009005, 009003, 009006, 009004, 009000, 009001]
1181	9	009005	009001	36	5.0	2.0	0,000	true	[009005, 009003, 009006, 009004, 009000, 009002, 009001]
1182	9	009005	009001	37	5.0	2.0	0,001	true	[009005, 009003, 009006, 009004, 009001]
1183	9	009005	009001	38	8.0	2.0	0,007	true	[009005, 009004, 009000, 009001]
1184	9	009005	009001	39	8.0	2.0	0,000	true	[009005, 009004, 009000, 009002, 009001]
1185	9	009005	009001	40	6.0	2.0	0,000	true	[009005, 009004, 009000, 009003, 009001]
1186	9	009005	009001	41	5.0	2.0	0,000	true	[009005, 009004, 009000, 009003, 009006, 009001]
1187	9	009005	009001	42	7.0	2.0	0,002	true	[009005, 009004, 009000, 009006, 009001]
1188	9	009005	009001	43	5.0	2.0	0,000	true	[009005, 009004, 009000, 009006, 009003, 009001]
1189	9	009005	009001	44	5.0	4.0	0,015	true	[009005, 009004, 009001]
1190	9	009005	009001	45	8.0	2.0	0,001	true	[009005, 009004, 009003, 009000, 009001]
1191	9	009005	009001	46	8.0	3.0	0,000	true	[009005, 009004, 009003, 009000, 009002, 009001]
1192	9	009005	009001	47	7.0	3.0	0,000	true	[009005, 009004, 009003, 009000, 009006, 009001]
1193	9	009005	009001	48	6.0	3.0	0,002	true	[009005, 009004, 009003, 009001]
1194	9	009005	009001	49	5.0	2.0	0,000	true	[009005, 009004, 009003, 009006, 009000, 009001]
1195	9	009005	009001	50	5.0	3.0	0,000	true	[009005, 009004, 009003, 009006, 009000, 009002, 009001]
1196	9	009005	009001	51	5.0	3.0	0,001	true	[009005, 009004, 009003, 009006, 009001]
1197	9	009005	009001	52	7.0	2.0	0,002	true	[009005, 009004, 009006, 009000, 009001]
1198	9	009005	009001	53	7.0	2.0	0,000	true	[009005, 009004, 009006, 009000, 009002, 009001]
1199	9	009005	009001	54	6.0	2.0	0,000	true	[009005, 009004, 009006, 009000, 009003, 009001]
1200	9	009005	009001	55	7.0	2.0	0,004	true	[009005, 009004, 009006, 009001]
1201	9	009005	009001	56	5.0	2.0	0,000	true	[009005, 009004, 009006, 009003, 009000, 009001]
1202	9	009005	009001	57	5.0	2.0	0,000	true	[009005, 009004, 009006, 009003, 009000, 009002, 009001]
1203	9	009005	009001	58	5.0	2.0	0,001	true	[009005, 009004, 009006, 009003, 009001]
1204	9	009005	009001	59	8.0	2.0	0,003	true	[009005, 009006, 009000, 009001]
1205	9	009005	009001	60	8.0	3.0	0,000	true	[009005, 009006, 009000, 009002, 009001]
1206	9	009005	009001	61	6.0	3.0	0,000	true	[009005, 009006, 009000, 009003, 009001]
1207	9	009005	009001	62	5.0	3.0	0,000	true	[009005, 009006, 009000, 009003, 009004, 009001]
1208	9	009005	009001	63	5.0	2.0	0,000	true	[009005, 009006, 009000, 009004, 009001]
1209	9	009005	009001	64	6.0	2.0	0,000	true	[009005, 009006, 009000, 009004, 009003, 009001]
1210	9	009005	009001	65	7.0	3.0	0,006	true	[009005, 009006, 009001]
1211	9	009005	009001	66	5.0	2.0	0,000	true	[009005, 009006, 009003, 009000, 009001]
1212	9	009005	009001	67	5.0	4.0	0,000	true	[009005, 009006, 009003, 009000, 009002, 009001]
1213	9	009005	009001	68	5.0	2.0	0,000	true	[009005, 009006, 009003, 009000, 009004, 009001]
1214	9	009005	009001	69	5.0	3.0	0,001	true	[009005, 009006, 009003, 009001]
1215	9	009005	009001	70	5.0	2.0	0,000	true	[009005, 009006, 009003, 009004, 009000, 009001]
1216	9	009005	009001	71	5.0	2.0	0,000	true	[009005, 009006, 009003, 009004, 009000, 009002, 009001]
1217	9	009005	009001	72	5.0	3.0	0,000	true	[009005, 009006, 009003, 009004, 009001]
1218	9	009005	009001	73	7.0	2.0	0,000	true	[009005, 009006, 009004, 009000, 009001]
1219	9	009005	009001	74	7.0	2.0	0,000	true	[009005, 009006, 009004, 009000, 009002, 009001]
1220	9	009005	009001	75	6.0	2.0	0,000	true	[009005, 009006, 009004, 009000, 009003, 009001]
1221	9	009005	009001	76	5.0	2.0	0,001	true	[009005, 009006, 009004, 009001]
1222	9	009005	009001	77	7.0	2.0	0,000	true	[009005, 009006, 009004, 009003, 009000, 009001]
1223	9	009005	009001	78	7.0	2.0	0,000	true	[009005, 009006, 009004, 009003, 009000, 009002, 009001]
1224	9	009005	009001	79	6.0	2.0	0,000	true	[009005, 009006, 009004, 009003, 009001]
1225	10	010000	010002	0	8.0	2.0	0,020	true	[010000, 010001, 010003, 010002]
1226	10	010000	010002	1	6.0	1.0	0,003	true	[010000, 010001, 010003, 010004, 010002]
1227	10	010000	010002	2	6.0	1.0	0,000	true	[010000, 010001, 010003, 010004, 010005, 010002]
1228	10	010000	010002	3	6.0	1.0	0,001	true	[010000, 010001, 010003, 010004, 010006, 010002]
1229	10	010000	010002	4	5.0	2.0	0,000	true	[010000, 010001, 010003, 010005, 010002]
1230	10	010000	010002	5	5.0	1.0	0,001	true	[010000, 010001, 010003, 010005, 010004, 010002]
1231	10	010000	010002	6	5.0	1.0	0,000	true	[010000, 010001, 010003, 010005, 010004, 010006, 010002]
1232	10	010000	010002	7	6.0	1.0	0,043	true	[010000, 010001, 010004, 010002]
1233	10	010000	010002	8	9.0	1.0	0,010	true	[010000, 010001, 010004, 010003, 010002]
1234	10	010000	010002	9	5.0	1.0	0,000	true	[010000, 010001, 010004, 010003, 010005, 010002]
1235	10	010000	010002	10	6.0	3.0	0,002	true	[010000, 010001, 010004, 010005, 010002]
1236	10	010000	010002	11	5.0	3.0	0,005	true	[010000, 010001, 010004, 010005, 010003, 010002]
1237	10	010000	010002	12	6.0	1.0	0,014	true	[010000, 010001, 010004, 010006, 010002]
1238	10	010000	010002	13	6.0	1.0	0,005	true	[010000, 010001, 010005, 010002]
1239	10	010000	010002	14	5.0	1.0	0,015	true	[010000, 010001, 010005, 010003, 010002]
1240	10	010000	010002	15	5.0	1.0	0,002	true	[010000, 010001, 010005, 010003, 010004, 010002]
1241	10	010000	010002	16	5.0	1.0	0,001	true	[010000, 010001, 010005, 010003, 010004, 010006, 010002]
1242	10	010000	010002	17	6.0	1.0	0,018	true	[010000, 010001, 010005, 010004, 010002]
1243	10	010000	010002	18	7.0	1.0	0,004	true	[010000, 010001, 010005, 010004, 010003, 010002]
1244	10	010000	010002	19	6.0	1.0	0,006	true	[010000, 010001, 010005, 010004, 010006, 010002]
1245	10	010000	010002	20	5.0	4.0	0,380	true	[010000, 010002]
1246	10	010000	010002	21	6.0	1.0	0,002	true	[010000, 010004, 010001, 010003, 010002]
1247	10	010000	010002	22	5.0	1.0	0,000	true	[010000, 010004, 010001, 010003, 010005, 010002]
1248	10	010000	010002	23	6.0	1.0	0,000	true	[010000, 010004, 010001, 010005, 010002]
1249	10	010000	010002	24	5.0	1.0	0,001	true	[010000, 010004, 010001, 010005, 010003, 010002]
1250	10	010000	010002	25	6.0	1.0	0,030	true	[010000, 010004, 010002]
1251	10	010000	010002	26	6.0	1.0	0,000	true	[010000, 010004, 010003, 010001, 010005, 010002]
1252	10	010000	010002	27	6.0	1.0	0,007	true	[010000, 010004, 010003, 010002]
1253	10	010000	010002	28	5.0	1.0	0,000	true	[010000, 010004, 010003, 010005, 010002]
1254	10	010000	010002	29	6.0	1.0	0,001	true	[010000, 010004, 010005, 010001, 010003, 010002]
1255	10	010000	010002	30	6.0	1.0	0,001	true	[010000, 010004, 010005, 010002]
1256	10	010000	010002	31	5.0	1.0	0,003	true	[010000, 010004, 010005, 010003, 010002]
1257	10	010000	010002	32	6.0	1.0	0,010	true	[010000, 010004, 010006, 010002]
1258	10	010000	010002	33	6.0	4.0	0,163	true	[010000, 010006, 010002]
1259	10	010000	010002	34	8.0	1.0	0,001	true	[010000, 010006, 010004, 010001, 010003, 010002]
1260	10	010000	010002	35	5.0	1.0	0,000	true	[010000, 010006, 010004, 010001, 010003, 010005, 010002]
1261	10	010000	010002	36	6.0	1.0	0,000	true	[010000, 010006, 010004, 010001, 010005, 010002]
1262	10	010000	010002	37	5.0	1.0	0,001	true	[010000, 010006, 010004, 010001, 010005, 010003, 010002]
1263	10	010000	010002	38	6.0	1.0	0,020	true	[010000, 010006, 010004, 010002]
1264	10	010000	010002	39	6.0	1.0	0,000	true	[010000, 010006, 010004, 010003, 010001, 010005, 010002]
1265	10	010000	010002	40	9.0	1.0	0,005	true	[010000, 010006, 010004, 010003, 010002]
1266	10	010000	010002	41	5.0	1.0	0,000	true	[010000, 010006, 010004, 010003, 010005, 010002]
1267	10	010000	010002	42	7.0	1.0	0,001	true	[010000, 010006, 010004, 010005, 010001, 010003, 010002]
1268	10	010000	010002	43	6.0	1.0	0,001	true	[010000, 010006, 010004, 010005, 010002]
1269	10	010000	010002	44	5.0	1.0	0,002	true	[010000, 010006, 010004, 010005, 010003, 010002]
1270	10	010000	010004	45	6.0	1.0	0,005	true	[010000, 010001, 010003, 010002, 010004]
1271	10	010000	010004	46	6.0	2.0	0,000	true	[010000, 010001, 010003, 010002, 010005, 010004]
1272	10	010000	010004	47	6.0	1.0	0,002	true	[010000, 010001, 010003, 010002, 010006, 010004]
1273	10	010000	010004	48	8.0	1.0	0,010	true	[010000, 010001, 010003, 010004]
1274	10	010000	010004	49	5.0	1.0	0,000	true	[010000, 010001, 010003, 010005, 010002, 010004]
1275	10	010000	010004	50	5.0	1.0	0,000	true	[010000, 010001, 010003, 010005, 010002, 010006, 010004]
1276	10	010000	010004	51	5.0	2.0	0,005	true	[010000, 010001, 010003, 010005, 010004]
1277	10	010000	010004	52	10.0	3.0	0,158	true	[010000, 010001, 010004]
1278	10	010000	010004	53	6.0	1.0	0,000	true	[010000, 010001, 010005, 010002, 010003, 010004]
1279	10	010000	010004	54	6.0	1.0	0,001	true	[010000, 010001, 010005, 010002, 010004]
1280	10	010000	010004	55	6.0	1.0	0,000	true	[010000, 010001, 010005, 010002, 010006, 010004]
1281	10	010000	010004	56	5.0	1.0	0,004	true	[010000, 010001, 010005, 010003, 010002, 010004]
1282	10	010000	010004	57	5.0	1.0	0,001	true	[010000, 010001, 010005, 010003, 010002, 010006, 010004]
1283	10	010000	010004	58	5.0	1.0	0,007	true	[010000, 010001, 010005, 010003, 010004]
1284	10	010000	010004	59	7.0	1.0	0,067	true	[010000, 010001, 010005, 010004]
1285	10	010000	010004	60	5.0	2.0	0,006	true	[010000, 010002, 010003, 010001, 010004]
1286	10	010000	010004	61	5.0	1.0	0,003	true	[010000, 010002, 010003, 010001, 010005, 010004]
1287	10	010000	010004	62	5.0	1.0	0,024	true	[010000, 010002, 010003, 010004]
1288	10	010000	010004	63	5.0	1.0	0,005	true	[010000, 010002, 010003, 010005, 010001, 010004]
1289	10	010000	010004	64	5.0	3.0	0,011	true	[010000, 010002, 010003, 010005, 010004]
1290	10	010000	010004	65	5.0	1.0	0,103	true	[010000, 010002, 010004]
1291	10	010000	010004	66	5.0	1.0	0,000	true	[010000, 010002, 010005, 010001, 010003, 010004]
1292	10	010000	010004	67	5.0	1.0	0,002	true	[010000, 010002, 010005, 010001, 010004]
1293	10	010000	010004	68	5.0	2.0	0,000	true	[010000, 010002, 010005, 010003, 010001, 010004]
1294	10	010000	010004	69	5.0	1.0	0,000	true	[010000, 010002, 010005, 010003, 010004]
1295	10	010000	010004	70	5.0	4.0	0,004	true	[010000, 010002, 010005, 010004]
1296	10	010000	010004	71	5.0	1.0	0,033	true	[010000, 010002, 010006, 010004]
1297	10	010000	010004	72	6.0	1.0	0,110	true	[010000, 010004]
1298	10	010000	010004	73	6.0	2.0	0,003	true	[010000, 010006, 010002, 010003, 010001, 010004]
1299	10	010000	010004	74	6.0	1.0	0,001	true	[010000, 010006, 010002, 010003, 010001, 010005, 010004]
1300	10	010000	010004	75	6.0	1.0	0,010	true	[010000, 010006, 010002, 010003, 010004]
1301	10	010000	010004	76	5.0	1.0	0,002	true	[010000, 010006, 010002, 010003, 010005, 010001, 010004]
1302	10	010000	010004	77	5.0	3.0	0,005	true	[010000, 010006, 010002, 010003, 010005, 010004]
1303	10	010000	010004	78	6.0	1.0	0,044	true	[010000, 010006, 010002, 010004]
1304	10	010000	010004	79	6.0	1.0	0,000	true	[010000, 010006, 010002, 010005, 010001, 010003, 010004]
1305	10	010000	010004	80	6.0	1.0	0,001	true	[010000, 010006, 010002, 010005, 010001, 010004]
1306	10	010000	010004	81	5.0	2.0	0,000	true	[010000, 010006, 010002, 010005, 010003, 010001, 010004]
1307	10	010000	010004	82	5.0	1.0	0,000	true	[010000, 010006, 010002, 010005, 010003, 010004]
1308	10	010000	010004	83	6.0	4.0	0,002	true	[010000, 010006, 010002, 010005, 010004]
1309	10	010000	010004	84	12.0	1.0	0,074	true	[010000, 010006, 010004]
1310	10	010002	010004	85	5.0	1.0	0,004	true	[010002, 010000, 010001, 010003, 010004]
1311	10	010002	010004	86	5.0	2.0	0,002	true	[010002, 010000, 010001, 010003, 010005, 010004]
1312	10	010002	010004	87	5.0	3.0	0,060	true	[010002, 010000, 010001, 010004]
1313	10	010002	010004	88	5.0	1.0	0,003	true	[010002, 010000, 010001, 010005, 010003, 010004]
1314	10	010002	010004	89	5.0	1.0	0,025	true	[010002, 010000, 010001, 010005, 010004]
1315	10	010002	010004	90	5.0	1.0	0,042	true	[010002, 010000, 010004]
1316	10	010002	010004	91	5.0	1.0	0,028	true	[010002, 010000, 010006, 010004]
1317	10	010002	010004	92	6.0	1.0	0,002	true	[010002, 010003, 010001, 010000, 010004]
1318	10	010002	010004	93	8.0	1.0	0,001	true	[010002, 010003, 010001, 010000, 010006, 010004]
1319	10	010002	010004	94	8.0	2.0	0,016	true	[010002, 010003, 010001, 010004]
1320	10	010002	010004	95	7.0	1.0	0,007	true	[010002, 010003, 010001, 010005, 010004]
1321	10	010002	010004	96	9.0	1.0	0,063	true	[010002, 010003, 010004]
1322	10	010002	010004	97	5.0	1.0	0,002	true	[010002, 010003, 010005, 010001, 010000, 010004]
1323	10	010002	010004	98	5.0	1.0	0,001	true	[010002, 010003, 010005, 010001, 010000, 010006, 010004]
1324	10	010002	010004	99	5.0	1.0	0,012	true	[010002, 010003, 010005, 010001, 010004]
1325	10	010002	010004	100	5.0	3.0	0,030	true	[010002, 010003, 010005, 010004]
1326	10	010002	010004	101	6.0	1.0	0,270	true	[010002, 010004]
1327	11	011005	011001	0	5.0	1.0	0,034	true	[011005, 011000, 011001]
1328	11	011005	011001	1	6.0	1.0	0,009	true	[011005, 011000, 011002, 011001]
1329	11	011005	011001	2	6.0	1.0	0,003	true	[011005, 011000, 011002, 011003, 011001]
1330	11	011005	011001	3	6.0	1.0	0,000	true	[011005, 011000, 011002, 011003, 011004, 011001]
1331	11	011005	011001	4	6.0	1.0	0,000	true	[011005, 011000, 011002, 011006, 011004, 011001]
1332	11	011005	011001	5	6.0	1.0	0,000	true	[011005, 011000, 011002, 011006, 011004, 011003, 011001]
1333	11	011005	011001	6	6.0	1.0	0,011	true	[011005, 011000, 011003, 011001]
1334	11	011005	011001	7	6.0	1.0	0,004	true	[011005, 011000, 011003, 011002, 011001]
1335	11	011005	011001	8	6.0	1.0	0,000	true	[011005, 011000, 011003, 011002, 011006, 011004, 011001]
1336	11	011005	011001	9	6.0	1.0	0,001	true	[011005, 011000, 011003, 011004, 011001]
1337	11	011005	011001	10	6.0	1.0	0,000	true	[011005, 011000, 011003, 011004, 011006, 011002, 011001]
1338	11	011005	011001	11	9.0	1.0	0,004	true	[011005, 011000, 011004, 011001]
1339	11	011005	011001	12	9.0	1.0	0,000	true	[011005, 011000, 011004, 011003, 011001]
1340	11	011005	011001	13	9.0	1.0	0,000	true	[011005, 011000, 011004, 011003, 011002, 011001]
1341	11	011005	011001	14	9.0	1.0	0,000	true	[011005, 011000, 011004, 011006, 011002, 011001]
1342	11	011005	011001	15	9.0	1.0	0,000	true	[011005, 011000, 011004, 011006, 011002, 011003, 011001]
1343	11	011005	011001	16	12.0	5.0	0,070	true	[011005, 011001]
1344	11	011005	011001	17	5.0	2.0	0,042	true	[011005, 011002, 011000, 011001]
1345	11	011005	011001	18	6.0	1.0	0,014	true	[011005, 011002, 011000, 011003, 011001]
1346	11	011005	011001	19	6.0	1.0	0,001	true	[011005, 011002, 011000, 011003, 011004, 011001]
1347	11	011005	011001	20	6.0	3.0	0,005	true	[011005, 011002, 011000, 011004, 011001]
1348	11	011005	011001	21	6.0	3.0	0,000	true	[011005, 011002, 011000, 011004, 011003, 011001]
1349	11	011005	011001	22	9.0	5.0	0,185	true	[011005, 011002, 011001]
1350	11	011005	011001	23	5.0	1.0	0,017	true	[011005, 011002, 011003, 011000, 011001]
1351	11	011005	011001	24	6.0	1.0	0,002	true	[011005, 011002, 011003, 011000, 011004, 011001]
1352	11	011005	011001	25	9.0	3.0	0,068	true	[011005, 011002, 011003, 011001]
1353	11	011005	011001	26	5.0	2.0	0,000	true	[011005, 011002, 011003, 011004, 011000, 011001]
1354	11	011005	011001	27	9.0	3.0	0,004	true	[011005, 011002, 011003, 011004, 011001]
1355	11	011005	011001	28	5.0	2.0	0,000	true	[011005, 011002, 011006, 011004, 011000, 011001]
1356	11	011005	011001	29	6.0	1.0	0,000	true	[011005, 011002, 011006, 011004, 011000, 011003, 011001]
1357	11	011005	011001	30	9.0	2.0	0,004	true	[011005, 011002, 011006, 011004, 011001]
1358	11	011005	011001	31	5.0	1.0	0,000	true	[011005, 011002, 011006, 011004, 011003, 011000, 011001]
1359	11	011005	011001	32	9.0	2.0	0,000	true	[011005, 011002, 011006, 011004, 011003, 011001]
1360	11	011005	011001	33	5.0	2.0	0,001	true	[011005, 011006, 011002, 011000, 011001]
1361	11	011005	011001	34	6.0	1.0	0,000	true	[011005, 011006, 011002, 011000, 011003, 011001]
1362	11	011005	011001	35	6.0	1.0	0,000	true	[011005, 011006, 011002, 011000, 011003, 011004, 011001]
1363	11	011005	011001	36	6.0	3.0	0,000	true	[011005, 011006, 011002, 011000, 011004, 011001]
1364	11	011005	011001	37	6.0	3.0	0,000	true	[011005, 011006, 011002, 011000, 011004, 011003, 011001]
1365	11	011005	011001	38	11.0	3.0	0,005	true	[011005, 011006, 011002, 011001]
1366	11	011005	011001	39	5.0	1.0	0,000	true	[011005, 011006, 011002, 011003, 011000, 011001]
1367	11	011005	011001	40	6.0	1.0	0,000	true	[011005, 011006, 011002, 011003, 011000, 011004, 011001]
1368	11	011005	011001	41	10.0	3.0	0,002	true	[011005, 011006, 011002, 011003, 011001]
1369	11	011005	011001	42	5.0	2.0	0,000	true	[011005, 011006, 011002, 011003, 011004, 011000, 011001]
1370	11	011005	011001	43	9.0	3.0	0,000	true	[011005, 011006, 011002, 011003, 011004, 011001]
1371	11	011005	011001	44	5.0	2.0	0,000	true	[011005, 011006, 011004, 011000, 011001]
1372	11	011005	011001	45	6.0	2.0	0,000	true	[011005, 011006, 011004, 011000, 011002, 011001]
1373	11	011005	011001	46	6.0	2.0	0,000	true	[011005, 011006, 011004, 011000, 011002, 011003, 011001]
1374	11	011005	011001	47	6.0	1.0	0,000	true	[011005, 011006, 011004, 011000, 011003, 011001]
1375	11	011005	011001	48	6.0	1.0	0,000	true	[011005, 011006, 011004, 011000, 011003, 011002, 011001]
1376	11	011005	011001	49	9.0	2.0	0,001	true	[011005, 011006, 011004, 011001]
1377	11	011005	011001	50	5.0	1.0	0,000	true	[011005, 011006, 011004, 011003, 011000, 011001]
1378	11	011005	011001	51	6.0	1.0	0,000	true	[011005, 011006, 011004, 011003, 011000, 011002, 011001]
1379	11	011005	011001	52	10.0	2.0	0,000	true	[011005, 011006, 011004, 011003, 011001]
1380	11	011005	011001	53	5.0	2.0	0,000	true	[011005, 011006, 011004, 011003, 011002, 011000, 011001]
1381	11	011005	011001	54	10.0	2.0	0,000	true	[011005, 011006, 011004, 011003, 011002, 011001]
1382	12	012006	012000	0	7.0	5.0	0,000	true	[012006, 012001, 012000]
1383	12	012006	012000	1	6.0	1.0	0,007	true	[012006, 012001, 012002, 012000]
1384	12	012006	012000	2	5.0	4.0	0,002	true	[012006, 012001, 012002, 012003, 012000]
1385	12	012006	012000	3	6.0	1.0	0,001	true	[012006, 012001, 012002, 012004, 012000]
1386	12	012006	012000	4	7.0	4.0	0,000	true	[012006, 012001, 012002, 012005, 012000]
1387	12	012006	012000	5	5.0	2.0	0,033	true	[012006, 012001, 012005, 012000]
1388	12	012006	012000	6	5.0	1.0	0,001	true	[012006, 012001, 012005, 012002, 012000]
1389	12	012006	012000	7	5.0	2.0	0,000	true	[012006, 012001, 012005, 012002, 012003, 012000]
1390	12	012006	012000	8	5.0	1.0	0,000	true	[012006, 012001, 012005, 012002, 012004, 012000]
1391	12	012006	012000	9	6.0	1.0	0,090	true	[012006, 012002, 012000]
1392	12	012006	012000	10	7.0	2.0	0,000	true	[012006, 012002, 012001, 012000]
1393	12	012006	012000	11	5.0	2.0	0,004	true	[012006, 012002, 012001, 012005, 012000]
1394	12	012006	012000	12	5.0	2.0	0,028	true	[012006, 012002, 012003, 012000]
1395	12	012006	012000	13	6.0	1.0	0,009	true	[012006, 012002, 012004, 012000]
1396	12	012006	012000	14	7.0	2.0	0,004	true	[012006, 012002, 012005, 012000]
1397	12	012006	012000	15	5.0	2.0	0,000	true	[012006, 012002, 012005, 012001, 012000]
1398	12	012006	012000	16	12.0	1.0	0,017	true	[012006, 012004, 012000]
1399	12	012006	012000	17	6.0	1.0	0,013	true	[012006, 012004, 012002, 012000]
1400	12	012006	012000	18	6.0	2.0	0,000	true	[012006, 012004, 012002, 012001, 012000]
1401	12	012006	012000	19	5.0	2.0	0,001	true	[012006, 012004, 012002, 012001, 012005, 012000]
1402	12	012006	012000	20	5.0	2.0	0,004	true	[012006, 012004, 012002, 012003, 012000]
1403	12	012006	012000	21	6.0	2.0	0,001	true	[012006, 012004, 012002, 012005, 012000]
1404	12	012006	012000	22	5.0	2.0	0,000	true	[012006, 012004, 012002, 012005, 012001, 012000]
1405	12	012006	012000	23	10.0	3.0	0,010	true	[012006, 012005, 012000]
1406	12	012006	012000	24	5.0	2.0	0,000	true	[012006, 012005, 012001, 012000]
1407	12	012006	012000	25	5.0	1.0	0,000	true	[012006, 012005, 012001, 012002, 012000]
1408	12	012006	012000	26	5.0	2.0	0,000	true	[012006, 012005, 012001, 012002, 012003, 012000]
1409	12	012006	012000	27	5.0	1.0	0,000	true	[012006, 012005, 012001, 012002, 012004, 012000]
1410	12	012006	012000	28	6.0	1.0	0,000	true	[012006, 012005, 012002, 012000]
1411	12	012006	012000	29	7.0	3.0	0,000	true	[012006, 012005, 012002, 012001, 012000]
1412	12	012006	012000	30	5.0	3.0	0,000	true	[012006, 012005, 012002, 012003, 012000]
1413	12	012006	012000	31	6.0	1.0	0,000	true	[012006, 012005, 012002, 012004, 012000]
1414	13	013002	013004	0	5.0	1.0	0,001	true	[013002, 013001, 013003, 013000, 013004]
1415	13	013002	013004	1	8.0	1.0	0,000	true	[013002, 013001, 013003, 013000, 013005, 013006, 013004]
1416	13	013002	013004	2	8.0	1.0	0,000	true	[013002, 013001, 013003, 013000, 013006, 013004]
1417	13	013002	013004	3	5.0	1.0	0,033	true	[013002, 013001, 013003, 013004]
1418	13	013002	013004	4	5.0	1.0	0,004	true	[013002, 013001, 013003, 013005, 013000, 013004]
1419	13	013002	013004	5	8.0	1.0	0,000	true	[013002, 013001, 013003, 013005, 013000, 013006, 013004]
1420	13	013002	013004	6	5.0	1.0	0,000	true	[013002, 013001, 013003, 013005, 013006, 013000, 013004]
1421	13	013002	013004	7	8.0	1.0	0,000	true	[013002, 013001, 013003, 013005, 013006, 013004]
1422	13	013002	013004	8	5.0	1.0	0,001	true	[013002, 013001, 013003, 013006, 013000, 013004]
1423	13	013002	013004	9	8.0	1.0	0,000	true	[013002, 013001, 013003, 013006, 013004]
1424	13	013002	013004	10	5.0	1.0	0,001	true	[013002, 013001, 013003, 013006, 013005, 013000, 013004]
1425	13	013002	013004	11	8.0	1.0	0,050	true	[013002, 013001, 013004]
1426	13	013002	013004	12	5.0	1.0	0,000	true	[013002, 013001, 013005, 013000, 013003, 013004]
1427	13	013002	013004	13	8.0	1.0	0,000	true	[013002, 013001, 013005, 013000, 013003, 013006, 013004]
1428	13	013002	013004	14	5.0	1.0	0,018	true	[013002, 013001, 013005, 013000, 013004]
1429	13	013002	013004	15	5.0	1.0	0,000	true	[013002, 013001, 013005, 013000, 013006, 013003, 013004]
1430	13	013002	013004	16	9.0	1.0	0,000	true	[013002, 013001, 013005, 013000, 013006, 013004]
1431	13	013002	013004	17	5.0	1.0	0,000	true	[013002, 013001, 013005, 013003, 013000, 013004]
1432	13	013002	013004	18	9.0	1.0	0,000	true	[013002, 013001, 013005, 013003, 013000, 013006, 013004]
1433	13	013002	013004	19	5.0	1.0	0,015	true	[013002, 013001, 013005, 013003, 013004]
1434	13	013002	013004	20	5.0	1.0	0,000	true	[013002, 013001, 013005, 013003, 013006, 013000, 013004]
1435	13	013002	013004	21	8.0	1.0	0,000	true	[013002, 013001, 013005, 013003, 013006, 013004]
1436	13	013002	013004	22	5.0	1.0	0,000	true	[013002, 013001, 013005, 013006, 013000, 013003, 013004]
1437	13	013002	013004	23	5.0	1.0	0,002	true	[013002, 013001, 013005, 013006, 013000, 013004]
1438	13	013002	013004	24	5.0	1.0	0,000	true	[013002, 013001, 013005, 013006, 013003, 013000, 013004]
1439	13	013002	013004	25	5.0	1.0	0,005	true	[013002, 013001, 013005, 013006, 013003, 013004]
1440	13	013002	013004	26	9.0	1.0	0,000	true	[013002, 013001, 013005, 013006, 013004]
1441	13	013002	013004	27	5.0	1.0	0,000	true	[013002, 013001, 013006, 013000, 013003, 013004]
1442	13	013002	013004	28	5.0	1.0	0,003	true	[013002, 013001, 013006, 013000, 013004]
1443	13	013002	013004	29	5.0	1.0	0,000	true	[013002, 013001, 013006, 013000, 013005, 013003, 013004]
1444	13	013002	013004	30	5.0	1.0	0,000	true	[013002, 013001, 013006, 013003, 013000, 013004]
1445	13	013002	013004	31	5.0	1.0	0,008	true	[013002, 013001, 013006, 013003, 013004]
1446	13	013002	013004	32	5.0	1.0	0,001	true	[013002, 013001, 013006, 013003, 013005, 013000, 013004]
1447	13	013002	013004	33	9.0	1.0	0,000	true	[013002, 013001, 013006, 013004]
1448	13	013002	013004	34	5.0	1.0	0,000	true	[013002, 013001, 013006, 013005, 013000, 013003, 013004]
1449	13	013002	013004	35	5.0	1.0	0,006	true	[013002, 013001, 013006, 013005, 013000, 013004]
1450	13	013002	013004	36	5.0	1.0	0,000	true	[013002, 013001, 013006, 013005, 013003, 013000, 013004]
1451	13	013002	013004	37	5.0	1.0	0,005	true	[013002, 013001, 013006, 013005, 013003, 013004]
1452	13	013002	013004	38	5.0	1.0	0,000	true	[013002, 013003, 013000, 013004]
1453	13	013002	013004	39	8.0	1.0	0,000	true	[013002, 013003, 013000, 013005, 013001, 013004]
1454	13	013002	013004	40	9.0	1.0	0,000	true	[013002, 013003, 013000, 013005, 013001, 013006, 013004]
1455	13	013002	013004	41	8.0	1.0	0,000	true	[013002, 013003, 013000, 013005, 013006, 013001, 013004]
1456	13	013002	013004	42	9.0	1.0	0,000	true	[013002, 013003, 013000, 013005, 013006, 013004]
1457	13	013002	013004	43	8.0	1.0	0,000	true	[013002, 013003, 013000, 013006, 013001, 013004]
1458	13	013002	013004	44	10.0	1.0	0,000	true	[013002, 013003, 013000, 013006, 013004]
1459	13	013002	013004	45	8.0	1.0	0,000	true	[013002, 013003, 013000, 013006, 013005, 013001, 013004]
1460	13	013002	013004	46	8.0	1.0	0,000	true	[013002, 013003, 013001, 013004]
1461	13	013002	013004	47	5.0	1.0	0,000	true	[013002, 013003, 013001, 013005, 013000, 013004]
1462	13	013002	013004	48	8.0	1.0	0,000	true	[013002, 013003, 013001, 013005, 013000, 013006, 013004]
1463	13	013002	013004	49	5.0	1.0	0,000	true	[013002, 013003, 013001, 013005, 013006, 013000, 013004]
1464	13	013002	013004	50	8.0	1.0	0,000	true	[013002, 013003, 013001, 013005, 013006, 013004]
1465	13	013002	013004	51	5.0	1.0	0,000	true	[013002, 013003, 013001, 013006, 013000, 013004]
1466	13	013002	013004	52	8.0	1.0	0,000	true	[013002, 013003, 013001, 013006, 013004]
1467	13	013002	013004	53	5.0	1.0	0,000	true	[013002, 013003, 013001, 013006, 013005, 013000, 013004]
1468	13	013002	013004	54	5.0	1.0	0,003	true	[013002, 013003, 013004]
1469	13	013002	013004	55	5.0	1.0	0,000	true	[013002, 013003, 013005, 013000, 013004]
1470	13	013002	013004	56	8.0	1.0	0,000	true	[013002, 013003, 013005, 013000, 013006, 013001, 013004]
1471	13	013002	013004	57	11.0	1.0	0,000	true	[013002, 013003, 013005, 013000, 013006, 013004]
1472	13	013002	013004	58	8.0	1.0	0,000	true	[013002, 013003, 013005, 013001, 013004]
1473	13	013002	013004	59	5.0	1.0	0,000	true	[013002, 013003, 013005, 013001, 013006, 013000, 013004]
1474	13	013002	013004	60	9.0	1.0	0,000	true	[013002, 013003, 013005, 013001, 013006, 013004]
1475	13	013002	013004	61	5.0	1.0	0,000	true	[013002, 013003, 013005, 013006, 013000, 013004]
1476	13	013002	013004	62	8.0	1.0	0,000	true	[013002, 013003, 013005, 013006, 013001, 013004]
1477	13	013002	013004	63	9.0	1.0	0,000	true	[013002, 013003, 013005, 013006, 013004]
1478	13	013002	013004	64	5.0	1.0	0,000	true	[013002, 013003, 013006, 013000, 013004]
1479	13	013002	013004	65	8.0	1.0	0,000	true	[013002, 013003, 013006, 013000, 013005, 013001, 013004]
1480	13	013002	013004	66	8.0	1.0	0,000	true	[013002, 013003, 013006, 013001, 013004]
1481	13	013002	013004	67	5.0	1.0	0,000	true	[013002, 013003, 013006, 013001, 013005, 013000, 013004]
1482	13	013002	013004	68	8.0	1.0	0,000	true	[013002, 013003, 013006, 013004]
1483	13	013002	013004	69	5.0	1.0	0,000	true	[013002, 013003, 013006, 013005, 013000, 013004]
1484	13	013002	013004	70	8.0	1.0	0,000	true	[013002, 013003, 013006, 013005, 013001, 013004]
1485	13	013002	013004	71	10.0	4.0	0,430	true	[013002, 013004]
1486	13	013002	013004	72	8.0	2.0	0,000	true	[013002, 013005, 013000, 013003, 013001, 013004]
1487	13	013002	013004	73	8.0	2.0	0,000	true	[013002, 013005, 013000, 013003, 013001, 013006, 013004]
1488	13	013002	013004	74	5.0	2.0	0,000	true	[013002, 013005, 013000, 013003, 013004]
1489	13	013002	013004	75	8.0	2.0	0,000	true	[013002, 013005, 013000, 013003, 013006, 013001, 013004]
1490	13	013002	013004	76	8.0	2.0	0,000	true	[013002, 013005, 013000, 013003, 013006, 013004]
1491	13	013002	013004	77	5.0	3.0	0,023	true	[013002, 013005, 013000, 013004]
1492	13	013002	013004	78	5.0	2.0	0,000	true	[013002, 013005, 013000, 013006, 013001, 013003, 013004]
1493	13	013002	013004	79	8.0	2.0	0,000	true	[013002, 013005, 013000, 013006, 013001, 013004]
1494	13	013002	013004	80	8.0	2.0	0,000	true	[013002, 013005, 013000, 013006, 013003, 013001, 013004]
1495	13	013002	013004	81	5.0	2.0	0,000	true	[013002, 013005, 013000, 013006, 013003, 013004]
1496	13	013002	013004	82	11.0	3.0	0,000	true	[013002, 013005, 013000, 013006, 013004]
1497	13	013002	013004	83	5.0	2.0	0,000	true	[013002, 013005, 013001, 013003, 013000, 013004]
1498	13	013002	013004	84	8.0	2.0	0,000	true	[013002, 013005, 013001, 013003, 013000, 013006, 013004]
1499	13	013002	013004	85	5.0	2.0	0,008	true	[013002, 013005, 013001, 013003, 013004]
1500	13	013002	013004	86	5.0	2.0	0,000	true	[013002, 013005, 013001, 013003, 013006, 013000, 013004]
1501	13	013002	013004	87	8.0	2.0	0,000	true	[013002, 013005, 013001, 013003, 013006, 013004]
1502	13	013002	013004	88	8.0	2.0	0,013	true	[013002, 013005, 013001, 013004]
1503	13	013002	013004	89	5.0	2.0	0,000	true	[013002, 013005, 013001, 013006, 013000, 013003, 013004]
1504	13	013002	013004	90	5.0	2.0	0,001	true	[013002, 013005, 013001, 013006, 013000, 013004]
1505	13	013002	013004	91	5.0	2.0	0,000	true	[013002, 013005, 013001, 013006, 013003, 013000, 013004]
1506	13	013002	013004	92	5.0	2.0	0,002	true	[013002, 013005, 013001, 013006, 013003, 013004]
1507	13	013002	013004	93	9.0	2.0	0,000	true	[013002, 013005, 013001, 013006, 013004]
1508	13	013002	013004	94	5.0	1.0	0,000	true	[013002, 013005, 013003, 013000, 013004]
1509	13	013002	013004	95	8.0	1.0	0,000	true	[013002, 013005, 013003, 013000, 013006, 013001, 013004]
1510	13	013002	013004	96	10.0	1.0	0,000	true	[013002, 013005, 013003, 013000, 013006, 013004]
1511	13	013002	013004	97	8.0	1.0	0,003	true	[013002, 013005, 013003, 013001, 013004]
1512	13	013002	013004	98	5.0	1.0	0,000	true	[013002, 013005, 013003, 013001, 013006, 013000, 013004]
1513	13	013002	013004	99	8.0	1.0	0,000	true	[013002, 013005, 013003, 013001, 013006, 013004]
1514	13	013002	013004	100	5.0	1.0	0,019	true	[013002, 013005, 013003, 013004]
1515	-1	000001	001002	0	85.0	8.0	997,000	true	[000001, 001002]
1516	-1	000006	002004	0	55.0	4.0	996,000	true	[000006, 002004]
1517	-1	000001	007000	0	95.0	7.0	997,000	true	[000001, 007000]
1518	-1	001004	002001	0	85.0	4.0	995,000	true	[001004, 002001]
1519	-1	001002	003004	0	95.0	1.0	997,000	true	[001002, 003004]
1520	-1	002004	005006	0	75.0	6.0	996,000	true	[002004, 005006]
1521	-1	003005	004000	0	90.0	1.0	998,000	true	[003005, 004000]
1522	-1	003006	010000	0	70.0	3.0	997,000	true	[003006, 010000]
1523	-1	004006	005002	0	55.0	5.0	995,000	true	[004006, 005002]
1524	-1	004001	006004	0	95.0	2.0	997,000	true	[004001, 006004]
1525	-1	005000	009005	0	85.0	8.0	996,000	true	[005000, 009005]
1526	-1	005001	012006	0	75.0	4.0	995,000	true	[005001, 012006]
1527	-1	006002	007002	0	70.0	8.0	997,000	true	[006002, 007002]
1528	-1	007002	008001	0	80.0	1.0	997,000	true	[007002, 008001]
1529	-1	008004	009001	0	100.0	9.0	998,000	true	[008004, 009001]
1530	-1	008000	011005	0	75.0	5.0	998,000	true	[008000, 011005]
1531	-1	008002	013002	0	60.0	7.0	997,000	true	[008002, 013002]
1532	-1	010002	011005	0	90.0	3.0	997,000	true	[010002, 011005]
1533	-1	010004	013004	0	95.0	8.0	996,000	true	[010004, 013004]
1534	-1	011001	013003	0	55.0	1.0	995,000	true	[011001, 013003]
1535	-1	012000	013003	0	80.0	7.0	996,000	true	[012000, 013003]
